           |       |        |        |        |        |        |        |     |        |   flow |    amt |    pct |    amt |   ETOH |
           |       |  T amb | T boil | T sthd | T cool | T cool | T sthd | jar |        |   rate |   coll |    alc | 100abv |    rem |
      Time |   PWM |    (C) |    (C) |    (C) | in (C) | out(C) | tgt(C) |   # |  PHASE | ml/min |   (ml) |    out |   (ml) |   (ml) |
--------------------------------------------------------------------------------------------------------------------------------------
  17:15:03 |    99 | 18.875 | 13.375 | 29.937 | 30.875 | 15.312 |   76.5 |   0 |      E |      0 |      0 |     80 |      0 |   3634 |
  17:15:17 |    99 | 18.875 | 13.375 | 29.875 | 30.937 | 15.375 |   76.5 |   0 |      E |      0 |      0 |     80 |      0 |   3634 |
  17:15:30 |    99 | 18.937 | 13.375 | 29.812 | 30.937 | 15.375 |   76.5 |   0 |      E |      0 |      0 |     80 |      0 |   3634 |
  17:15:43 |    99 | 18.937 | 13.375 | 29.750 | 30.875 | 15.375 |   76.5 |   0 |      E |      0 |      0 |     80 |      0 |   3634 |
  17:15:56 |    99 | 18.937 | 13.375 | 29.625 | 30.875 | 15.375 |   76.5 |   0 |      E |      0 |      0 |     80 |      0 |   3634 |
  17:16:09 |    99 | 18.937 | 13.375 | 29.562 | 30.812 | 15.437 |   76.5 |   0 |      E |      0 |      0 |     80 |      0 |   3634 |
  17:16:22 |    99 | 19.000 | 13.375 | 29.375 | 30.875 | 15.437 |   76.5 |   0 |      E |      0 |      0 |     80 |      0 |   3634 |
  17:16:35 |    99 | 18.937 | 13.437 | 29.062 | 30.812 | 15.437 |   76.5 |   0 |      E |      0 |      0 |     80 |      0 |   3634 |
  17:16:48 |    99 | 18.937 | 13.625 | 28.687 | 30.812 | 15.500 |   76.5 |   0 |      E |      0 |      0 |     80 |      0 |   3634 |
  17:17:01 |    99 | 18.937 | 13.875 | 28.312 | 30.812 | 15.500 |   76.5 |   0 |      E |      0 |      0 |     80 |      0 |   3634 |
  17:17:14 |    99 | 19.000 | 13.937 | 27.875 | 30.812 | 15.562 |   76.5 |   0 |      E |      0 |      0 |     80 |      0 |   3634 |
  17:17:27 |    99 | 18.937 | 14.125 | 27.437 | 30.812 | 15.562 |   76.5 |   0 |      E |      0 |      0 |     80 |      0 |   3634 |
  17:17:40 |    99 | 19.000 | 14.312 | 27.062 | 30.812 | 15.562 |   76.5 |   0 |      E |      0 |      0 |     80 |      0 |   3634 |
  17:17:53 |    99 | 19.000 | 14.375 | 26.625 | 30.812 | 15.562 |   76.5 |   0 |      E |      0 |      0 |     80 |      0 |   3634 |
  17:18:06 |    99 | 19.000 | 14.500 | 26.250 | 30.750 | 15.625 |   76.5 |   0 |      E |      0 |      0 |     80 |      0 |   3634 |
  17:18:19 |    99 | 19.000 | 14.750 | 25.937 | 30.750 | 15.562 |   76.5 |   0 |      E |      0 |      0 |     80 |      0 |   3634 |
  17:18:32 |    99 | 19.000 | 14.875 | 25.500 | 30.750 | 15.562 |   76.5 |   0 |      E |      0 |      0 |     80 |      0 |   3634 |
  17:18:45 |    99 | 19.062 | 15.062 | 25.312 | 30.750 | 15.625 |   76.5 |   0 |      E |      0 |      0 |     80 |      0 |   3634 |
  17:18:58 |    99 | 19.062 | 15.187 | 24.937 | 30.750 | 15.562 |   76.5 |   0 |      E |      0 |      0 |     80 |      0 |   3634 |
  17:19:11 |    99 | 19.125 | 15.437 | 24.750 | 30.750 | 15.562 |   76.5 |   0 |      E |      0 |      0 |     80 |      0 |   3634 |
  17:19:24 |    99 | 19.125 | 15.625 | 24.437 | 30.687 | 15.562 |   76.5 |   0 |      E |      0 |      0 |     80 |      0 |   3634 |
  17:19:37 |    99 | 19.125 | 15.812 | 24.125 | 30.750 | 15.562 |   76.5 |   0 |      E |      0 |      0 |     80 |      0 |   3634 |
  17:19:50 |    99 | 19.187 | 16.000 | 23.937 | 30.687 | 15.500 |   76.5 |   0 |      E |      0 |      0 |     80 |      0 |   3634 |
  17:20:03 |    99 | 19.125 | 16.125 | 23.687 | 30.687 | 15.562 |   76.5 |   0 |      E |      0 |      0 |     80 |      0 |   3634 |
  17:20:16 |    99 | 19.187 | 16.312 | 23.437 | 30.687 | 15.562 |   76.5 |   0 |      E |      0 |      0 |     80 |      0 |   3634 |
  17:20:29 |    99 | 19.125 | 16.437 | 23.250 | 30.687 | 15.625 |   76.5 |   0 |      E |      0 |      0 |     80 |      0 |   3634 |
  17:20:42 |    99 | 19.125 | 16.562 | 23.062 | 30.625 | 15.625 |   76.5 |   0 |      E |      0 |      0 |     80 |      0 |   3634 |
  17:20:55 |    99 | 19.125 | 16.812 | 22.812 | 30.625 | 15.687 |   76.5 |   0 |      E |      0 |      0 |     80 |      0 |   3634 |
  17:21:08 |    99 | 19.187 | 16.937 | 22.625 | 30.625 | 15.625 |   76.5 |   0 |      E |      0 |      0 |     80 |      0 |   3634 |
  17:21:21 |    99 | 19.250 | 17.125 | 22.437 | 30.625 | 15.687 |   76.5 |   0 |      E |      0 |      0 |     80 |      0 |   3634 |
  17:21:34 |    99 | 19.250 | 17.312 | 22.250 | 30.562 | 15.687 |   76.5 |   0 |      E |      0 |      0 |     80 |      0 |   3634 |
  17:21:47 |    99 | 19.187 | 17.500 | 22.000 | 30.625 | 15.687 |   76.5 |   0 |      E |      0 |      0 |     80 |      0 |   3634 |
  17:22:00 |    99 | 19.250 | 17.687 | 21.937 | 30.625 | 15.687 |   76.5 |   0 |      E |      0 |      0 |     80 |      0 |   3634 |
  17:22:13 |    99 | 19.312 | 17.875 | 21.812 | 30.625 | 15.750 |   76.5 |   0 |      E |      0 |      0 |     80 |      0 |   3634 |
  17:22:26 |    99 | 19.250 | 18.062 | 21.625 | 30.625 | 15.812 |   76.5 |   0 |      E |      0 |      0 |     80 |      0 |   3634 |
  17:22:39 |    99 | 19.250 | 18.187 | 21.500 | 30.687 | 15.875 |   76.5 |   0 |      E |      0 |      0 |     80 |      0 |   3634 |
  17:22:52 |    99 | 19.312 | 18.375 | 21.375 | 30.500 | 15.875 |   76.5 |   0 |      E |      0 |      0 |     80 |      0 |   3634 |
  17:23:05 |    99 | 19.312 | 18.500 | 21.187 | 30.687 | 15.937 |   76.5 |   0 |      E |      0 |      0 |     80 |      0 |   3634 |
  17:23:18 |    99 | 19.375 | 18.687 | 21.062 | 30.812 | 15.937 |   76.5 |   0 |      E |      0 |      0 |     80 |      0 |   3634 |
  17:23:31 |    99 | 19.312 | 18.875 | 20.937 | 30.750 | 15.937 |   76.5 |   0 |      E |      0 |      0 |     80 |      0 |   3634 |
  17:23:44 |    99 | 19.375 | 19.062 | 20.750 | 30.687 | 16.250 |   76.5 |   0 |      E |      0 |      0 |     80 |      0 |   3634 |
  17:23:57 |    99 | 19.375 | 19.187 | 20.562 | 30.625 | 16.812 |   76.5 |   0 |      E |      0 |      0 |     80 |      0 |   3634 |
  17:24:10 |    99 | 19.375 | 19.375 | 20.500 | 30.687 | 17.062 |   76.5 |   0 |      E |      0 |      0 |     80 |      0 |   3634 |
  17:24:23 |    99 | 19.375 | 19.625 | 20.437 | 30.687 | 17.250 |   76.5 |   0 |      E |      0 |      0 |     80 |      0 |   3634 |
  17:24:36 |    99 | 19.375 | 19.750 | 20.312 | 30.625 | 17.312 |   76.5 |   0 |      E |      0 |      0 |     80 |      0 |   3634 |
  17:24:49 |    99 | 19.312 | 19.937 | 20.187 | 30.625 | 17.437 |   76.5 |   0 |      E |      0 |      0 |     80 |      0 |   3634 |
  17:25:02 |    99 | 19.312 | 20.125 | 20.062 | 30.562 | 17.500 |   76.5 |   0 |      E |      0 |      0 |     80 |      0 |   3634 |
  17:25:15 |    99 | 19.375 | 20.250 | 19.937 | 30.562 | 17.500 |   76.5 |   0 |      E |      0 |      0 |     80 |      0 |   3634 |
  17:25:28 |    99 | 19.437 | 20.500 | 19.875 | 30.562 | 17.562 |   76.5 |   0 |      E |      0 |      0 |     80 |      0 |   3634 |
  17:25:41 |    99 | 19.375 | 20.625 | 19.812 | 30.562 | 17.562 |   76.5 |   0 |      E |      0 |      0 |     80 |      0 |   3634 |
  17:25:54 |    99 | 19.375 | 20.812 | 19.687 | 30.500 | 17.625 |   76.5 |   0 |      E |      0 |      0 |     80 |      0 |   3634 |
  17:26:07 |    99 | 19.375 | 20.937 | 19.625 | 30.437 | 17.562 |   76.5 |   0 |      E |      0 |      0 |     80 |      0 |   3634 |
  17:26:20 |    99 | 19.437 | 21.125 | 19.500 | 30.437 | 17.562 |   76.5 |   0 |      E |      0 |      0 |     80 |      0 |   3634 |
  17:26:33 |    99 | 19.375 | 21.250 | 19.437 | 30.437 | 17.562 |   76.5 |   0 |      E |      0 |      0 |     80 |      0 |   3634 |
  17:26:46 |    99 | 19.437 | 21.437 | 19.312 | 30.437 | 17.500 |   76.5 |   0 |      E |      0 |      0 |     80 |      0 |   3634 |
  17:26:59 |    99 | 19.437 | 21.625 | 19.187 | 30.437 | 17.500 |   76.5 |   0 |      E |      0 |      0 |     80 |      0 |   3634 |
  17:27:12 |    99 | 19.437 | 21.750 | 19.187 | 30.375 | 17.437 |   76.5 |   0 |      E |      0 |      0 |     80 |      0 |   3634 |
  17:27:25 |    99 | 19.437 | 21.937 | 19.000 | 30.375 | 17.437 |   76.5 |   0 |      E |      0 |      0 |     80 |      0 |   3634 |
  17:27:38 |    99 | 19.437 | 22.125 | 19.000 | 30.375 | 17.375 |   76.5 |   0 |      E |      0 |      0 |     80 |      0 |   3634 |
  17:27:51 |    99 | 19.437 | 22.312 | 18.937 | 30.375 | 17.375 |   76.5 |   0 |      E |      0 |      0 |     80 |      0 |   3634 |
  17:28:04 |    99 | 19.500 | 22.500 | 18.812 | 30.375 | 17.375 |   76.5 |   0 |      E |      0 |      0 |     80 |      0 |   3634 |
  17:28:17 |    99 | 19.500 | 22.625 | 18.687 | 30.375 | 17.312 |   76.5 |   0 |      E |      0 |      0 |     80 |      0 |   3634 |
  17:28:30 |    99 | 19.500 | 22.875 | 18.687 | 30.375 | 17.312 |   76.5 |   0 |      E |      0 |      0 |     80 |      0 |   3634 |
  17:28:43 |    99 | 19.500 | 23.000 | 18.625 | 30.375 | 17.250 |   76.5 |   0 |      E |      0 |      0 |     80 |      0 |   3634 |
  17:28:56 |    99 | 19.500 | 23.125 | 18.562 | 30.312 | 17.250 |   76.5 |   0 |      E |      0 |      0 |     80 |      0 |   3634 |
  17:29:09 |    99 | 19.500 | 23.312 | 18.500 | 30.250 | 17.250 |   76.5 |   0 |      E |      0 |      0 |     80 |      0 |   3634 |
  17:29:22 |    99 | 19.437 | 23.500 | 18.437 | 30.312 | 17.187 |   76.5 |   0 |      E |      0 |      0 |     80 |      0 |   3634 |
  17:29:35 |    99 | 19.500 | 23.687 | 18.375 | 30.312 | 17.187 |   76.5 |   0 |      E |      0 |      0 |     80 |      0 |   3634 |
  17:29:48 |    99 | 19.500 | 23.812 | 18.312 | 30.375 | 17.125 |   76.5 |   0 |      E |      0 |      0 |     80 |      0 |   3634 |
  17:30:01 |    99 | 19.500 | 24.000 | 18.250 | 30.250 | 17.062 |   76.5 |   0 |      E |      0 |      0 |     80 |      0 |   3634 |
  17:30:14 |    99 | 19.500 | 24.125 | 18.187 | 30.250 | 17.062 |   76.5 |   0 |      E |      0 |      0 |     80 |      0 |   3634 |
  17:30:27 |    99 | 19.500 | 24.312 | 18.187 | 30.250 | 17.000 |   76.5 |   0 |      E |      0 |      0 |     80 |      0 |   3634 |
  17:30:40 |    99 | 19.562 | 24.500 | 18.125 | 30.250 | 16.937 |   76.5 |   0 |      E |      0 |      0 |     80 |      0 |   3634 |
  17:30:53 |    99 | 19.500 | 24.687 | 18.000 | 30.250 | 16.937 |   76.5 |   0 |      E |      0 |      0 |     80 |      0 |   3634 |
  17:31:06 |    99 | 19.562 | 24.875 | 17.937 | 30.250 | 16.937 |   76.5 |   0 |      E |      0 |      0 |     80 |      0 |   3634 |
  17:31:19 |    99 | 19.500 | 25.062 | 17.937 | 30.187 | 16.937 |   76.5 |   0 |      E |      0 |      0 |     80 |      0 |   3634 |
  17:31:32 |    99 | 19.500 | 25.187 | 17.875 | 30.125 | 16.875 |   76.5 |   0 |      E |      0 |      0 |     80 |      0 |   3634 |
  17:31:45 |    99 | 19.562 | 25.375 | 17.812 | 30.187 | 16.875 |   76.5 |   0 |      E |      0 |      0 |     80 |      0 |   3634 |
  17:31:58 |    99 | 19.562 | 25.562 | 17.812 | 30.125 | 16.812 |   76.5 |   0 |      E |      0 |      0 |     80 |      0 |   3634 |
  17:32:11 |    99 | 19.562 | 25.687 | 17.750 | 30.187 | 16.875 |   76.5 |   0 |      E |      0 |      0 |     80 |      0 |   3634 |
  17:32:24 |    99 | 19.562 | 25.812 | 17.687 | 30.125 | 16.812 |   76.5 |   0 |      E |      0 |      0 |     80 |      0 |   3634 |
  17:32:37 |    99 | 19.562 | 26.000 | 17.625 | 30.125 | 16.812 |   76.5 |   0 |      E |      0 |      0 |     80 |      0 |   3634 |
  17:32:50 |    99 | 19.562 | 26.187 | 17.562 | 30.125 | 16.750 |   76.5 |   0 |      E |      0 |      0 |     80 |      0 |   3634 |
  17:33:03 |    99 | 19.562 | 26.375 | 17.562 | 30.062 | 16.750 |   76.5 |   0 |      E |      0 |      0 |     80 |      0 |   3634 |
  17:33:16 |    99 | 19.562 | 26.562 | 17.562 | 30.062 | 16.687 |   76.5 |   0 |      E |      0 |      0 |     80 |      0 |   3634 |
  17:33:29 |    99 | 19.562 | 26.687 | 17.437 | 30.062 | 16.687 |   76.5 |   0 |      E |      0 |      0 |     80 |      0 |   3634 |
  17:33:42 |    99 | 19.562 | 26.875 | 17.437 | 30.062 | 16.625 |   76.5 |   0 |      E |      0 |      0 |     80 |      0 |   3634 |
  17:33:55 |    99 | 19.562 | 27.062 | 17.375 | 30.062 | 16.625 |   76.5 |   0 |      E |      0 |      0 |     80 |      0 |   3634 |
  17:34:08 |    99 | 19.625 | 27.187 | 17.312 | 30.062 | 16.625 |   76.5 |   0 |      E |      0 |      0 |     80 |      0 |   3634 |
  17:34:21 |    99 | 19.625 | 27.375 | 17.250 | 30.000 | 16.625 |   76.5 |   0 |      E |      0 |      0 |     80 |      0 |   3634 |
  17:34:34 |    99 | 19.562 | 27.562 | 17.187 | 30.062 | 16.562 |   76.5 |   0 |      E |      0 |      0 |     80 |      0 |   3634 |
  17:34:47 |    99 | 19.625 | 27.875 | 17.187 | 30.000 | 16.562 |   76.5 |   0 |      E |      0 |      0 |     80 |      0 |   3634 |
  17:35:00 |    99 | 19.562 | 27.937 | 17.187 | 30.000 | 16.562 |   76.5 |   0 |      E |      0 |      0 |     80 |      0 |   3634 |
  17:35:13 |    99 | 19.625 | 28.062 | 17.125 | 29.937 | 16.500 |   76.5 |   0 |      E |      0 |      0 |     80 |      0 |   3634 |
  17:35:26 |    99 | 19.625 | 28.250 | 17.125 | 29.937 | 16.500 |   76.5 |   0 |      E |      0 |      0 |     80 |      0 |   3634 |
  17:35:39 |    99 | 19.562 | 28.375 | 17.062 | 30.000 | 16.437 |   76.5 |   0 |      E |      0 |      0 |     80 |      0 |   3634 |
  17:35:52 |    99 | 19.625 | 28.562 | 17.062 | 29.937 | 16.375 |   76.5 |   0 |      E |      0 |      0 |     80 |      0 |   3634 |
  17:36:05 |    99 | 19.625 | 28.687 | 17.000 | 29.875 | 16.437 |   76.5 |   0 |      E |      0 |      0 |     80 |      0 |   3634 |
  17:36:18 |    99 | 19.625 | 28.875 | 17.000 | 29.875 | 16.375 |   76.5 |   0 |      E |      0 |      0 |     80 |      0 |   3634 |
  17:36:31 |    99 | 19.625 | 29.062 | 16.937 | 29.875 | 16.375 |   76.5 |   0 |      E |      0 |      0 |     80 |      0 |   3634 |
  17:36:44 |    99 | 19.625 | 29.125 | 16.875 | 29.875 | 16.312 |   76.5 |   0 |      E |      0 |      0 |     80 |      0 |   3634 |
  17:36:57 |    99 | 19.625 | 29.375 | 16.875 | 29.812 | 16.312 |   76.5 |   0 |      E |      0 |      0 |     80 |      0 |   3634 |
  17:37:10 |    99 | 19.625 | 29.625 | 16.812 | 29.812 | 16.312 |   76.5 |   0 |      E |      0 |      0 |     80 |      0 |   3634 |
  17:37:23 |    99 | 19.625 | 29.687 | 16.812 | 29.812 | 16.312 |   76.5 |   0 |      E |      0 |      0 |     80 |      0 |   3634 |
  17:37:36 |    99 | 19.625 | 29.875 | 16.812 | 29.750 | 16.312 |   76.5 |   0 |      E |      0 |      0 |     80 |      0 |   3634 |
  17:37:49 |    99 | 19.625 | 30.000 | 16.750 | 29.812 | 16.250 |   76.5 |   0 |      E |      0 |      0 |     80 |      0 |   3634 |
  17:38:02 |    99 | 19.625 | 30.187 | 16.750 | 29.812 | 16.250 |   76.5 |   0 |      E |      0 |      0 |     80 |      0 |   3634 |
  17:38:15 |    99 | 19.625 | 30.312 | 16.687 | 29.750 | 16.250 |   76.5 |   0 |      E |      0 |      0 |     80 |      0 |   3634 |
  17:38:28 |    99 | 19.625 | 30.562 | 16.750 | 29.750 | 16.250 |   76.5 |   0 |      E |      0 |      0 |     80 |      0 |   3634 |
  17:38:41 |    99 | 19.625 | 30.687 | 16.687 | 29.750 | 16.187 |   76.5 |   0 |      E |      0 |      0 |     80 |      0 |   3634 |
  17:38:54 |    99 | 19.625 | 30.937 | 16.687 | 29.687 | 16.187 |   76.5 |   0 |      E |      0 |      0 |     80 |      0 |   3634 |
  17:39:07 |    99 | 19.562 | 31.062 | 16.625 | 29.750 | 16.187 |   76.5 |   0 |      E |      0 |      0 |     80 |      0 |   3634 |
  17:39:20 |    99 | 19.625 | 31.125 | 16.625 | 29.687 | 16.125 |   76.5 |   0 |      E |      0 |      0 |     80 |      0 |   3634 |
  17:39:33 |    99 | 19.562 | 31.375 | 16.562 | 29.687 | 16.125 |   76.5 |   0 |      E |      0 |      0 |     80 |      0 |   3634 |
  17:39:46 |    99 | 19.687 | 31.500 | 16.562 | 29.687 | 16.062 |   76.5 |   0 |      E |      0 |      0 |     80 |      0 |   3634 |
  17:39:59 |    99 | 19.625 | 31.687 | 16.562 | 29.687 | 16.062 |   76.5 |   0 |      E |      0 |      0 |     80 |      0 |   3634 |
  17:40:12 |    99 | 19.625 | 31.875 | 16.500 | 29.625 | 16.062 |   76.5 |   0 |      E |      0 |      0 |     80 |      0 |   3634 |
  17:40:25 |    99 | 19.625 | 32.000 | 16.500 | 29.625 | 16.062 |   76.5 |   0 |      E |      0 |      0 |     80 |      0 |   3634 |
  17:40:38 |    99 | 19.625 | 32.187 | 16.500 | 29.625 | 16.062 |   76.5 |   0 |      E |      0 |      0 |     80 |      0 |   3634 |
  17:40:51 |    99 | 19.625 | 32.437 | 16.437 | 29.625 | 16.000 |   76.5 |   0 |      E |      0 |      0 |     80 |      0 |   3634 |
  17:41:04 |    99 | 19.625 | 32.500 | 16.437 | 29.625 | 16.000 |   76.5 |   0 |      E |      0 |      0 |     80 |      0 |   3634 |
  17:41:17 |    99 | 19.625 | 32.687 | 16.375 | 29.625 | 15.937 |   76.5 |   0 |      E |      0 |      0 |     80 |      0 |   3634 |
  17:41:30 |    99 | 19.687 | 32.875 | 16.375 | 29.625 | 15.937 |   76.5 |   0 |      E |      0 |      0 |     80 |      0 |   3634 |
  17:41:43 |    99 | 19.625 | 33.000 | 16.375 | 29.562 | 15.875 |   76.5 |   0 |      E |      0 |      0 |     80 |      0 |   3634 |
  17:41:56 |    99 | 19.625 | 33.125 | 16.312 | 29.562 | 15.875 |   76.5 |   0 |      E |      0 |      0 |     80 |      0 |   3634 |
  17:42:09 |    99 | 19.625 | 33.250 | 16.312 | 29.562 | 15.875 |   76.5 |   0 |      E |      0 |      0 |     80 |      0 |   3634 |
  17:42:22 |    99 | 19.625 | 33.437 | 16.250 | 29.562 | 15.875 |   76.5 |   0 |      E |      0 |      0 |     80 |      0 |   3634 |
  17:42:35 |    99 | 19.625 | 33.750 | 16.187 | 29.500 | 15.812 |   76.5 |   0 |      E |      0 |      0 |     80 |      0 |   3634 |
  17:42:48 |    99 | 19.625 | 33.750 | 16.187 | 29.500 | 15.812 |   76.5 |   0 |      E |      0 |      0 |     80 |      0 |   3634 |
  17:43:01 |    99 | 19.625 | 33.937 | 16.187 | 29.500 | 15.812 |   76.5 |   0 |      E |      0 |      0 |     80 |      0 |   3634 |
  17:43:14 |    99 | 19.562 | 34.250 | 16.125 | 29.500 | 15.750 |   76.5 |   0 |      E |      0 |      0 |     80 |      0 |   3634 |
  17:43:27 |    99 | 19.625 | 34.250 | 16.125 | 29.500 | 15.750 |   76.5 |   0 |      E |      0 |      0 |     80 |      0 |   3634 |
  17:43:40 |    99 | 19.625 | 34.500 | 16.125 | 29.437 | 15.750 |   76.5 |   0 |      E |      0 |      0 |     80 |      0 |   3634 |
  17:43:53 |    99 | 19.625 | 34.562 | 16.062 | 29.437 | 15.750 |   76.5 |   0 |      E |      0 |      0 |     80 |      0 |   3634 |
  17:44:06 |    99 | 19.625 | 34.750 | 16.062 | 29.437 | 15.750 |   76.5 |   0 |      E |      0 |      0 |     80 |      0 |   3634 |
  17:44:19 |    99 | 19.625 | 35.000 | 16.062 | 29.437 | 15.687 |   76.5 |   0 |      E |      0 |      0 |     80 |      0 |   3634 |
  17:44:32 |    99 | 19.625 | 35.250 | 16.000 | 29.437 | 15.687 |   76.5 |   0 |      E |      0 |      0 |     80 |      0 |   3634 |
  17:44:45 |    99 | 19.625 | 35.250 | 16.062 | 29.375 | 15.625 |   76.5 |   0 |      E |      0 |      0 |     80 |      0 |   3634 |
  17:44:58 |    99 | 19.625 | 35.375 | 16.062 | 29.375 | 15.687 |   76.5 |   0 |      E |      0 |      0 |     80 |      0 |   3634 |
  17:45:11 |    99 | 19.687 | 35.625 | 15.937 | 29.375 | 15.687 |   76.5 |   0 |      E |      0 |      0 |     80 |      0 |   3634 |
  17:45:24 |    99 | 19.625 | 35.812 | 16.000 | 29.375 | 15.625 |   76.5 |   0 |      E |      0 |      0 |     80 |      0 |   3634 |
  17:45:37 |    99 | 19.625 | 36.000 | 15.875 | 29.312 | 15.625 |   76.5 |   0 |      E |      0 |      0 |     80 |      0 |   3634 |
  17:45:50 |    99 | 19.625 | 36.125 | 15.937 | 29.375 | 15.562 |   76.5 |   0 |      E |      0 |      0 |     80 |      0 |   3634 |
  17:46:03 |    99 | 19.562 | 36.250 | 15.875 | 29.312 | 15.562 |   76.5 |   0 |      E |      0 |      0 |     80 |      0 |   3634 |
  17:46:16 |    99 | 19.625 | 36.375 | 15.875 | 29.312 | 15.562 |   76.5 |   0 |      E |      0 |      0 |     80 |      0 |   3634 |
  17:46:29 |    99 | 19.625 | 36.437 | 15.875 | 29.250 | 15.500 |   76.5 |   0 |      E |      0 |      0 |     80 |      0 |   3634 |
  17:46:42 |    99 | 19.625 | 36.687 | 15.875 | 29.250 | 15.500 |   76.5 |   0 |      E |      0 |      0 |     80 |      0 |   3634 |
  17:46:55 |    99 | 19.562 | 36.812 | 15.875 | 29.250 | 15.500 |   76.5 |   0 |      E |      0 |      0 |     80 |      0 |   3634 |
  17:47:08 |    99 | 19.625 | 36.937 | 15.812 | 29.250 | 15.500 |   76.5 |   0 |      E |      0 |      0 |     80 |      0 |   3634 |
  17:47:21 |    99 | 19.625 | 37.187 | 15.812 | 29.250 | 15.500 |   76.5 |   0 |      E |      0 |      0 |     80 |      0 |   3634 |
  17:47:34 |    99 | 19.687 | 37.312 | 15.750 | 29.250 | 15.500 |   76.5 |   0 |      E |      0 |      0 |     80 |      0 |   3634 |
  17:47:47 |    99 | 19.687 | 37.500 | 15.750 | 29.250 | 15.437 |   76.5 |   0 |      E |      0 |      0 |     80 |      0 |   3634 |
  17:48:00 |    99 | 19.625 | 37.625 | 15.687 | 29.250 | 15.437 |   76.5 |   0 |      E |      0 |      0 |     80 |      0 |   3634 |
  17:48:13 |    99 | 19.625 | 37.812 | 15.687 | 29.187 | 15.437 |   76.5 |   0 |      E |      0 |      0 |     80 |      0 |   3634 |
  17:48:26 |    99 | 19.687 | 38.000 | 15.625 | 29.187 | 15.437 |   76.5 |   0 |      E |      0 |      0 |     80 |      0 |   3634 |
  17:48:39 |    99 | 19.750 | 38.062 | 15.687 | 29.187 | 15.437 |   76.5 |   0 |      E |      0 |      0 |     80 |      0 |   3634 |
  17:48:52 |    99 | 19.687 | 38.312 | 15.625 | 29.187 | 15.375 |   76.5 |   0 |      E |      0 |      0 |     80 |      0 |   3634 |
  17:49:05 |    99 | 19.687 | 38.437 | 15.562 | 29.125 | 15.375 |   76.5 |   0 |      E |      0 |      0 |     80 |      0 |   3634 |
  17:49:18 |    99 | 19.687 | 38.562 | 15.562 | 29.125 | 15.375 |   76.5 |   0 |      E |      0 |      0 |     80 |      0 |   3634 |
  17:49:31 |    99 | 19.687 | 38.750 | 15.500 | 29.125 | 15.375 |   76.5 |   0 |      E |      0 |      0 |     80 |      0 |   3634 |
  17:49:44 |    99 | 19.687 | 39.000 | 15.500 | 29.062 | 15.312 |   76.5 |   0 |      E |      0 |      0 |     80 |      0 |   3634 |
  17:49:57 |    99 | 19.625 | 39.250 | 15.437 | 29.062 | 15.312 |   76.5 |   0 |      E |      0 |      0 |     80 |      0 |   3634 |
  17:50:10 |    99 | 19.625 | 39.312 | 15.500 | 29.125 | 15.250 |   76.5 |   0 |      E |      0 |      0 |     80 |      0 |   3634 |
  17:50:23 |    99 | 19.687 | 39.312 | 15.500 | 29.062 | 15.250 |   76.5 |   0 |      E |      0 |      0 |     80 |      0 |   3634 |
  17:50:36 |    99 | 19.687 | 39.625 | 15.437 | 29.125 | 15.250 |   76.5 |   0 |      E |      0 |      0 |     80 |      0 |   3634 |
  17:50:49 |    99 | 19.687 | 39.687 | 15.437 | 29.125 | 15.250 |   76.5 |   0 |      E |      0 |      0 |     80 |      0 |   3634 |
  17:51:02 |    99 | 19.687 | 40.000 | 15.437 | 29.062 | 15.250 |   76.5 |   0 |      E |      0 |      0 |     80 |      0 |   3634 |
  17:51:15 |    99 | 19.687 | 40.062 | 15.437 | 29.062 | 15.250 |   76.5 |   0 |      E |      0 |      0 |     80 |      0 |   3634 |
  17:51:28 |    99 | 19.687 | 40.125 | 15.375 | 29.000 | 15.250 |   76.5 |   0 |      E |      0 |      0 |     80 |      0 |   3634 |
  17:51:41 |    99 | 19.687 | 40.437 | 15.375 | 29.062 | 15.250 |   76.5 |   0 |      E |      0 |      0 |     80 |      0 |   3634 |
  17:51:54 |    99 | 19.687 | 40.625 | 15.312 | 29.062 | 15.250 |   76.5 |   0 |      E |      0 |      0 |     80 |      0 |   3634 |
  17:52:07 |    99 | 19.687 | 40.687 | 15.312 | 29.000 | 15.250 |   76.5 |   0 |      E |      0 |      0 |     80 |      0 |   3634 |
  17:52:20 |    99 | 19.687 | 40.750 | 15.312 | 29.000 | 15.187 |   76.5 |   0 |      E |      0 |      0 |     80 |      0 |   3634 |
  17:52:33 |    99 | 19.625 | 41.000 | 15.312 | 29.000 | 15.187 |   76.5 |   0 |      E |      0 |      0 |     80 |      0 |   3634 |
  17:52:46 |    99 | 19.625 | 41.187 | 15.312 | 28.937 | 15.187 |   76.5 |   0 |      E |      0 |      0 |     80 |      0 |   3634 |
  17:52:59 |    99 | 19.625 | 41.250 | 15.250 | 28.937 | 15.187 |   76.5 |   0 |      E |      0 |      0 |     80 |      0 |   3634 |
  17:53:12 |    99 | 19.625 | 41.375 | 15.250 | 29.000 | 15.187 |   76.5 |   0 |      E |      0 |      0 |     80 |      0 |   3634 |
  17:53:25 |    99 | 19.625 | 41.562 | 15.312 | 28.937 | 15.187 |   76.5 |   0 |      E |      0 |      0 |     80 |      0 |   3634 |
  17:53:38 |    99 | 19.687 | 41.812 | 15.250 | 28.937 | 15.187 |   76.5 |   0 |      E |      0 |      0 |     80 |      0 |   3634 |
  17:53:51 |    99 | 19.625 | 41.937 | 15.250 | 28.937 | 15.187 |   76.5 |   0 |      E |      0 |      0 |     80 |      0 |   3634 |
  17:54:04 |    99 | 19.625 | 42.187 | 15.250 | 28.875 | 15.187 |   76.5 |   0 |      E |      0 |      0 |     80 |      0 |   3634 |
  17:54:17 |    99 | 19.625 | 42.500 | 15.187 | 28.875 | 15.187 |   76.5 |   0 |      E |      0 |      0 |     80 |      0 |   3634 |
  17:54:30 |    99 | 19.625 | 42.687 | 15.250 | 28.875 | 15.187 |   76.5 |   0 |      E |      0 |      0 |     80 |      0 |   3634 |
  17:54:43 |    99 | 19.687 | 42.687 | 15.250 | 28.875 | 15.125 |   76.5 |   0 |      E |      0 |      0 |     80 |      0 |   3634 |
  17:54:56 |    99 | 19.625 | 42.875 | 15.187 | 28.875 | 15.125 |   76.5 |   0 |      E |      0 |      0 |     80 |      0 |   3634 |
  17:55:09 |    99 | 19.562 | 42.875 | 15.187 | 28.812 | 15.125 |   76.5 |   0 |      E |      0 |      0 |     80 |      0 |   3634 |
  17:55:22 |    99 | 19.625 | 43.000 | 15.187 | 28.812 | 15.125 |   76.5 |   0 |      E |      0 |      0 |     80 |      0 |   3634 |
  17:55:35 |    99 | 19.625 | 43.500 | 15.187 | 28.812 | 15.125 |   76.5 |   0 |      E |      0 |      0 |     80 |      0 |   3634 |
  17:55:48 |    99 | 19.625 | 43.687 | 15.125 | 28.812 | 15.125 |   76.5 |   0 |      E |      0 |      0 |     80 |      0 |   3634 |
  17:56:01 |    99 | 19.562 | 43.562 | 15.125 | 28.812 | 15.062 |   76.5 |   0 |      E |      0 |      0 |     80 |      0 |   3634 |
  17:56:14 |    99 | 19.625 | 43.687 | 15.187 | 28.750 | 15.062 |   76.5 |   0 |      E |      0 |      0 |     80 |      0 |   3634 |
  17:56:27 |    99 | 19.625 | 43.812 | 15.125 | 28.750 | 15.062 |   76.5 |   0 |      E |      0 |      0 |     80 |      0 |   3634 |
  17:56:40 |    99 | 19.625 | 43.937 | 15.125 | 28.750 | 15.062 |   76.5 |   0 |      E |      0 |      0 |     80 |      0 |   3634 |
  17:56:53 |    99 | 19.625 | 44.125 | 15.125 | 28.750 | 15.000 |   76.5 |   0 |      E |      0 |      0 |     80 |      0 |   3634 |
  17:57:06 |    99 | 19.625 | 44.250 | 15.125 | 28.750 | 15.062 |   76.5 |   0 |      E |      0 |      0 |     80 |      0 |   3634 |
  17:57:19 |    99 | 19.562 | 44.375 | 15.125 | 28.750 | 15.000 |   76.5 |   0 |      E |      0 |      0 |     80 |      0 |   3634 |
  17:57:32 |    99 | 19.625 | 44.750 | 15.062 | 28.750 | 15.000 |   76.5 |   0 |      E |      0 |      0 |     80 |      0 |   3634 |
  17:57:45 |    99 | 19.625 | 44.812 | 15.062 | 28.687 | 15.000 |   76.5 |   0 |      E |      0 |      0 |     80 |      0 |   3634 |
  17:57:58 |    99 | 19.625 | 45.000 | 15.062 | 28.687 | 15.000 |   76.5 |   0 |      E |      0 |      0 |     80 |      0 |   3634 |
  17:58:11 |    99 | 19.625 | 45.062 | 15.062 | 28.687 | 15.062 |   76.5 |   0 |      E |      0 |      0 |     80 |      0 |   3634 |
  17:58:24 |    99 | 19.625 | 45.187 | 15.000 | 28.687 | 15.000 |   76.5 |   0 |      E |      0 |      0 |     80 |      0 |   3634 |
  17:58:37 |    99 | 19.625 | 45.375 | 15.062 | 28.687 | 15.000 |   76.5 |   0 |      E |      0 |      0 |     80 |      0 |   3634 |
  17:58:50 |    99 | 19.687 | 45.812 | 15.000 | 28.687 | 15.000 |   76.5 |   0 |      E |      0 |      0 |     80 |      0 |   3634 |
  17:59:03 |    99 | 19.625 | 45.687 | 15.062 | 28.625 | 15.000 |   76.5 |   0 |      E |      0 |      0 |     80 |      0 |   3634 |
  17:59:16 |    99 | 19.625 | 45.812 | 15.000 | 28.625 | 15.000 |   76.5 |   0 |      E |      0 |      0 |     80 |      0 |   3634 |
  17:59:29 |    99 | 19.625 | 46.125 | 15.000 | 28.625 | 15.000 |   76.5 |   0 |      E |      0 |      0 |     80 |      0 |   3634 |
  17:59:42 |    99 | 19.625 | 46.375 | 15.062 | 28.562 | 15.000 |   76.5 |   0 |      E |      0 |      0 |     80 |      0 |   3634 |
  17:59:55 |    99 | 19.625 | 46.375 | 14.937 | 28.625 | 15.000 |   76.5 |   0 |      E |      0 |      0 |     80 |      0 |   3634 |
  18:00:08 |    99 | 19.625 | 46.562 | 15.000 | 28.625 | 15.000 |   76.5 |   0 |      E |      0 |      0 |     80 |      0 |   3634 |
  18:00:21 |    99 | 19.625 | 46.875 | 14.937 | 28.562 | 15.000 |   76.5 |   0 |      E |      0 |      0 |     80 |      0 |   3634 |
  18:00:34 |    99 | 19.625 | 46.750 | 14.937 | 28.562 | 15.000 |   76.5 |   0 |      E |      0 |      0 |     80 |      0 |   3634 |
  18:00:47 |    99 | 19.625 | 47.000 | 14.937 | 28.562 | 15.000 |   76.5 |   0 |      E |      0 |      0 |     80 |      0 |   3634 |
  18:01:00 |    99 | 19.687 | 47.125 | 14.937 | 28.562 | 14.937 |   76.5 |   0 |      E |      0 |      0 |     80 |      0 |   3634 |
  18:01:13 |    99 | 19.625 | 47.437 | 14.937 | 28.562 | 15.000 |   76.5 |   0 |      E |      0 |      0 |     80 |      0 |   3634 |
  18:01:26 |    99 | 19.625 | 47.562 | 14.937 | 28.562 | 15.000 |   76.5 |   0 |      E |      0 |      0 |     80 |      0 |   3634 |
  18:01:39 |    99 | 19.687 | 47.562 | 14.937 | 28.562 | 15.000 |   76.5 |   0 |      E |      0 |      0 |     80 |      0 |   3634 |
  18:01:52 |    99 | 19.625 | 47.812 | 14.875 | 28.500 | 15.000 |   76.5 |   0 |      E |      0 |      0 |     80 |      0 |   3634 |
  18:02:05 |    99 | 19.625 | 47.875 | 14.937 | 28.500 | 15.000 |   76.5 |   0 |      E |      0 |      0 |     80 |      0 |   3634 |
  18:02:18 |    99 | 19.687 | 48.062 | 14.937 | 28.500 | 15.000 |   76.5 |   0 |      E |      0 |      0 |     80 |      0 |   3634 |
  18:02:31 |    99 | 19.625 | 48.437 | 14.875 | 28.500 | 15.000 |   76.5 |   0 |      E |      0 |      0 |     80 |      0 |   3634 |
  18:02:44 |    99 | 19.625 | 48.562 | 14.875 | 28.500 | 15.062 |   76.5 |   0 |      E |      0 |      0 |     80 |      0 |   3634 |
  18:02:57 |    99 | 19.625 | 48.625 | 14.875 | 28.437 | 15.000 |   76.5 |   0 |      E |      0 |      0 |     80 |      0 |   3634 |
  18:03:10 |    99 | 19.625 | 48.750 | 14.875 | 28.437 | 15.000 |   76.5 |   0 |      E |      0 |      0 |     80 |      0 |   3634 |
  18:03:23 |    99 | 19.625 | 48.812 | 14.875 | 28.437 | 15.000 |   76.5 |   0 |      E |      0 |      0 |     80 |      0 |   3634 |
  18:03:36 |    99 | 19.625 | 48.875 | 14.875 | 28.375 | 15.000 |   76.5 |   0 |      E |      0 |      0 |     80 |      0 |   3634 |
  18:03:49 |    99 | 19.687 | 49.000 | 14.875 | 28.437 | 15.062 |   76.5 |   0 |      E |      0 |      0 |     80 |      0 |   3634 |
  18:04:02 |    99 | 19.625 | 49.187 | 14.875 | 28.437 | 15.062 |   76.5 |   0 |      E |      0 |      0 |     80 |      0 |   3634 |
  18:04:15 |    99 | 19.687 | 49.437 | 14.875 | 28.375 | 15.062 |   76.5 |   0 |      E |      0 |      0 |     80 |      0 |   3634 |
  18:04:28 |    99 | 19.687 | 49.625 | 14.875 | 28.375 | 15.000 |   76.5 |   0 |      E |      0 |      0 |     80 |      0 |   3634 |
  18:04:41 |    99 | 19.625 | 49.875 | 14.875 | 28.437 | 15.062 |   76.5 |   0 |      E |      0 |      0 |     80 |      0 |   3634 |
  18:04:54 |    99 | 19.625 | 49.937 | 14.875 | 28.375 | 15.000 |   76.5 |   0 |      E |      0 |      0 |     80 |      0 |   3634 |
  18:05:07 |    99 | 19.625 | 50.062 | 14.875 | 28.375 | 15.062 |   76.5 |   0 |      E |      0 |      0 |     80 |      0 |   3634 |
  18:05:20 |    99 | 19.625 | 50.312 | 14.875 | 28.375 | 15.062 |   76.5 |   0 |      E |      0 |      0 |     80 |      0 |   3634 |
  18:05:33 |    99 | 19.625 | 50.562 | 14.875 | 28.312 | 15.000 |   76.5 |   0 |      E |      0 |      0 |     80 |      0 |   3634 |
  18:05:46 |    99 | 19.687 | 50.875 | 14.875 | 28.312 | 15.062 |   76.5 |   0 |      E |      0 |      0 |     80 |      0 |   3634 |
  18:05:59 |    99 | 19.625 | 50.812 | 14.875 | 28.312 | 15.000 |   76.5 |   0 |      E |      0 |      0 |     80 |      0 |   3634 |
  18:06:12 |    99 | 19.625 | 50.875 | 14.875 | 28.312 | 15.000 |   76.5 |   0 |      E |      0 |      0 |     80 |      0 |   3634 |
  18:06:25 |    99 | 19.625 | 51.125 | 14.875 | 28.375 | 15.000 |   76.5 |   0 |      E |      0 |      0 |     80 |      0 |   3634 |
  18:06:38 |    99 | 19.687 | 51.312 | 14.875 | 28.312 | 14.937 |   76.5 |   0 |      E |      0 |      0 |     80 |      0 |   3634 |
  18:06:51 |    99 | 19.625 | 51.687 | 14.875 | 28.312 | 15.000 |   76.5 |   0 |      E |      0 |      0 |     80 |      0 |   3634 |
  18:07:04 |    99 | 19.687 | 51.687 | 14.875 | 28.312 | 15.000 |   76.5 |   0 |      E |      0 |      0 |     80 |      0 |   3634 |
  18:07:17 |    99 | 19.687 | 51.875 | 14.875 | 28.250 | 15.062 |   76.5 |   0 |      E |      0 |      0 |     80 |      0 |   3634 |
  18:07:30 |    99 | 19.687 | 52.062 | 14.812 | 28.312 | 15.062 |   76.5 |   0 |      E |      0 |      0 |     80 |      0 |   3634 |
  18:07:43 |    99 | 19.687 | 52.312 | 14.875 | 28.250 | 15.000 |   76.5 |   0 |      E |      0 |      0 |     80 |      0 |   3634 |
  18:07:56 |    99 | 19.687 | 52.437 | 14.875 | 28.250 | 15.000 |   76.5 |   0 |      E |      0 |      0 |     80 |      0 |   3634 |
  18:08:09 |    99 | 19.750 | 52.687 | 14.875 | 28.250 | 15.000 |   76.5 |   0 |      E |      0 |      0 |     80 |      0 |   3634 |
  18:08:22 |    99 | 19.687 | 52.875 | 14.812 | 28.250 | 15.000 |   76.5 |   0 |      E |      0 |      0 |     80 |      0 |   3634 |
  18:08:35 |    99 | 19.687 | 53.125 | 14.875 | 28.187 | 15.000 |   76.5 |   0 |      E |      0 |      0 |     80 |      0 |   3634 |
  18:08:48 |    99 | 19.687 | 53.187 | 14.875 | 28.187 | 15.000 |   76.5 |   0 |      E |      0 |      0 |     80 |      0 |   3634 |
  18:09:01 |    99 | 19.687 | 53.375 | 14.875 | 28.187 | 14.937 |   76.5 |   0 |      E |      0 |      0 |     80 |      0 |   3634 |
  18:09:14 |    99 | 19.687 | 53.500 | 14.875 | 28.187 | 14.937 |   76.5 |   0 |      E |      0 |      0 |     80 |      0 |   3634 |
  18:09:27 |    99 | 19.687 | 53.812 | 14.875 | 28.125 | 14.937 |   76.5 |   0 |      E |      0 |      0 |     80 |      0 |   3634 |
  18:09:40 |    99 | 19.687 | 53.812 | 14.875 | 28.125 | 14.937 |   76.5 |   0 |      E |      0 |      0 |     80 |      0 |   3634 |
  18:09:53 |    99 | 19.687 | 54.000 | 14.875 | 28.125 | 14.937 |   76.5 |   0 |      E |      0 |      0 |     80 |      0 |   3634 |
  18:10:06 |    99 | 19.687 | 54.062 | 14.812 | 28.125 | 14.937 |   76.5 |   0 |      E |      0 |      0 |     80 |      0 |   3634 |
  18:10:19 |    99 | 19.687 | 54.250 | 14.875 | 28.125 | 14.937 |   76.5 |   0 |      E |      0 |      0 |     80 |      0 |   3634 |
  18:10:32 |    99 | 19.687 | 54.375 | 14.875 | 28.125 | 14.937 |   76.5 |   0 |      E |      0 |      0 |     80 |      0 |   3634 |
  18:10:45 |    99 | 19.687 | 54.625 | 14.812 | 28.062 | 14.937 |   76.5 |   0 |      E |      0 |      0 |     80 |      0 |   3634 |
  18:10:58 |    99 | 19.687 | 54.812 | 14.812 | 28.062 | 14.937 |   76.5 |   0 |      E |      0 |      0 |     80 |      0 |   3634 |
  18:11:11 |    99 | 19.687 | 54.937 | 14.875 | 28.000 | 14.937 |   76.5 |   0 |      E |      0 |      0 |     80 |      0 |   3634 |
  18:11:24 |    99 | 19.687 | 55.187 | 14.812 | 28.000 | 14.875 |   76.5 |   0 |      E |      0 |      0 |     80 |      0 |   3634 |
  18:11:37 |    99 | 19.687 | 55.312 | 14.875 | 28.062 | 14.937 |   76.5 |   0 |      E |      0 |      0 |     80 |      0 |   3634 |
  18:11:50 |    99 | 19.625 | 55.250 | 14.875 | 28.062 | 14.875 |   76.5 |   0 |      E |      0 |      0 |     80 |      0 |   3634 |
  18:12:03 |    99 | 19.687 | 55.562 | 14.875 | 28.062 | 14.937 |   76.5 |   0 |      E |      0 |      0 |     80 |      0 |   3634 |
  18:12:16 |    99 | 19.625 | 55.687 | 14.875 | 28.000 | 14.875 |   76.5 |   0 |      E |      0 |      0 |     80 |      0 |   3634 |
  18:12:29 |    99 | 19.625 | 55.937 | 14.875 | 28.000 | 14.875 |   76.5 |   0 |      E |      0 |      0 |     80 |      0 |   3634 |
  18:12:42 |    99 | 19.687 | 56.250 | 14.812 | 27.937 | 14.937 |   76.5 |   0 |      E |      0 |      0 |     80 |      0 |   3634 |
  18:12:55 |    99 | 19.687 | 56.250 | 14.875 | 28.000 | 14.937 |   76.5 |   0 |      E |      0 |      0 |     80 |      0 |   3634 |
  18:13:08 |    99 | 19.687 | 56.312 | 14.812 | 27.937 | 14.937 |   76.5 |   0 |      E |      0 |      0 |     80 |      0 |   3634 |
  18:13:21 |    99 | 19.687 | 56.562 | 14.812 | 28.000 | 14.937 |   76.5 |   0 |      E |      0 |      0 |     80 |      0 |   3634 |
  18:13:34 |    99 | 19.687 | 56.625 | 14.812 | 27.937 | 14.875 |   76.5 |   0 |      E |      0 |      0 |     80 |      0 |   3634 |
  18:13:47 |    99 | 19.687 | 56.812 | 14.812 | 27.937 | 14.875 |   76.5 |   0 |      E |      0 |      0 |     80 |      0 |   3634 |
  18:14:00 |    99 | 19.687 | 56.937 | 14.875 | 27.937 | 14.875 |   76.5 |   0 |      E |      0 |      0 |     80 |      0 |   3634 |
  18:14:13 |    99 | 19.687 | 57.125 | 14.875 | 27.875 | 14.937 |   76.5 |   0 |      E |      0 |      0 |     80 |      0 |   3634 |
  18:14:26 |    99 | 19.625 | 57.312 | 14.812 | 27.875 | 14.875 |   76.5 |   0 |      E |      0 |      0 |     80 |      0 |   3634 |
  18:14:39 |    99 | 19.625 | 57.375 | 14.875 | 27.812 | 14.875 |   76.5 |   0 |      E |      0 |      0 |     80 |      0 |   3634 |
  18:14:52 |    99 | 19.687 | 57.812 | 14.812 | 27.875 | 14.875 |   76.5 |   0 |      E |      0 |      0 |     80 |      0 |   3634 |
  18:15:05 |    99 | 19.625 | 57.750 | 14.875 | 27.875 | 14.875 |   76.5 |   0 |      E |      0 |      0 |     80 |      0 |   3634 |
  18:15:18 |    99 | 19.687 | 57.687 | 14.812 | 27.812 | 14.875 |   76.5 |   0 |      E |      0 |      0 |     80 |      0 |   3634 |
  18:15:31 |    99 | 19.687 | 57.875 | 14.812 | 27.812 | 14.875 |   76.5 |   0 |      E |      0 |      0 |     80 |      0 |   3634 |
  18:15:44 |    99 | 19.687 | 58.250 | 14.812 | 27.812 | 14.875 |   76.5 |   0 |      E |      0 |      0 |     80 |      0 |   3634 |
  18:15:57 |    99 | 19.687 | 58.187 | 14.812 | 27.812 | 14.812 |   76.5 |   0 |      E |      0 |      0 |     80 |      0 |   3634 |
  18:16:10 |    99 | 19.687 | 58.562 | 14.875 | 27.812 | 14.812 |   76.5 |   0 |      E |      0 |      0 |     80 |      0 |   3634 |
  18:16:23 |    99 | 19.687 | 58.687 | 14.812 | 27.812 | 14.812 |   76.5 |   0 |      E |      0 |      0 |     80 |      0 |   3634 |
  18:16:36 |    99 | 19.687 | 58.937 | 14.812 | 27.750 | 14.812 |   76.5 |   0 |      E |      0 |      0 |     80 |      0 |   3634 |
  18:16:49 |    99 | 19.687 | 59.062 | 14.875 | 27.750 | 14.875 |   76.5 |   0 |      E |      0 |      0 |     80 |      0 |   3634 |
  18:17:02 |    99 | 19.687 | 59.250 | 14.812 | 27.750 | 14.812 |   76.5 |   0 |      E |      0 |      0 |     80 |      0 |   3634 |
  18:17:15 |    99 | 19.687 | 59.187 | 14.812 | 27.750 | 14.875 |   76.5 |   0 |      E |      0 |      0 |     80 |      0 |   3634 |
  18:17:28 |    99 | 19.687 | 59.250 | 14.812 | 27.750 | 14.812 |   76.5 |   0 |      E |      0 |      0 |     80 |      0 |   3634 |
  18:17:41 |    99 | 19.687 | 59.312 | 14.875 | 27.687 | 14.812 |   76.5 |   0 |      E |      0 |      0 |     80 |      0 |   3634 |
  18:17:54 |    99 | 19.687 | 59.625 | 14.812 | 27.687 | 14.812 |   76.5 |   0 |      E |      0 |      0 |     80 |      0 |   3634 |
  18:18:07 |    99 | 19.625 | 59.750 | 14.875 | 27.687 | 14.750 |   76.5 |   0 |      E |      0 |      0 |     80 |      0 |   3634 |
  18:18:20 |    99 | 19.625 | 59.812 | 14.875 | 27.687 | 14.750 |   76.5 |   0 |      E |      0 |      0 |     80 |      0 |   3634 |
  18:18:33 |    99 | 19.625 | 59.937 | 14.875 | 27.687 | 14.750 |   76.5 |   0 |      E |      0 |      0 |     80 |      0 |   3634 |
  18:18:46 |    99 | 19.562 | 60.187 | 14.875 | 27.687 | 14.812 |   76.5 |   0 |      E |      0 |      0 |     80 |      0 |   3634 |
  18:18:59 |    99 | 19.562 | 60.250 | 14.875 | 27.687 | 14.812 |   76.5 |   0 |      E |      0 |      0 |     80 |      0 |   3634 |
  18:19:12 |    99 | 19.625 | 60.437 | 14.875 | 27.625 | 14.750 |   76.5 |   0 |      E |      0 |      0 |     80 |      0 |   3634 |
  18:19:25 |    99 | 19.625 | 60.750 | 14.875 | 27.687 | 14.750 |   76.5 |   0 |      E |      0 |      0 |     80 |      0 |   3634 |
  18:19:38 |    99 | 19.687 | 60.812 | 14.875 | 27.625 | 14.812 |   76.5 |   0 |      E |      0 |      0 |     80 |      0 |   3634 |
  18:19:51 |    99 | 19.687 | 60.812 | 14.875 | 27.625 | 14.812 |   76.5 |   0 |      E |      0 |      0 |     80 |      0 |   3634 |
  18:20:04 |    99 | 19.625 | 61.000 | 14.875 | 27.625 | 14.812 |   76.5 |   0 |      E |      0 |      0 |     80 |      0 |   3634 |
  18:20:17 |    99 | 19.687 | 61.125 | 14.812 | 27.562 | 14.812 |   76.5 |   0 |      E |      0 |      0 |     80 |      0 |   3634 |
  18:20:30 |    99 | 19.687 | 61.562 | 14.875 | 27.562 | 14.812 |   76.5 |   0 |      E |      0 |      0 |     80 |      0 |   3634 |
  18:20:43 |    99 | 19.625 | 61.500 | 14.875 | 27.562 | 14.750 |   76.5 |   0 |      E |      0 |      0 |     80 |      0 |   3634 |
  18:20:56 |    99 | 19.625 | 61.500 | 14.812 | 27.625 | 14.750 |   76.5 |   0 |      E |      0 |      0 |     80 |      0 |   3634 |
  18:21:09 |    99 | 19.625 | 61.562 | 14.812 | 27.562 | 14.750 |   76.5 |   0 |      E |      0 |      0 |     80 |      0 |   3634 |
  18:21:22 |    99 | 19.625 | 62.125 | 14.875 | 27.562 | 14.750 |   76.5 |   0 |      E |      0 |      0 |     80 |      0 |   3634 |
  18:21:35 |    99 | 19.625 | 62.187 | 14.812 | 27.562 | 14.750 |   76.5 |   0 |      E |      0 |      0 |     80 |      0 |   3634 |
  18:21:48 |    99 | 19.625 | 62.125 | 14.812 | 27.562 | 14.750 |   76.5 |   0 |      E |      0 |      0 |     80 |      0 |   3634 |
  18:22:01 |    99 | 19.562 | 62.375 | 14.875 | 27.562 | 14.750 |   76.5 |   0 |      E |      0 |      0 |     80 |      0 |   3634 |
  18:22:14 |    99 | 19.562 | 62.312 | 14.875 | 27.500 | 14.750 |   76.5 |   0 |      E |      0 |      0 |     80 |      0 |   3634 |
  18:22:27 |    99 | 19.562 | 62.562 | 14.812 | 27.500 | 14.750 |   76.5 |   0 |      E |      0 |      0 |     80 |      0 |   3634 |
  18:22:40 |    99 | 19.562 | 62.875 | 14.812 | 27.500 | 14.750 |   76.5 |   0 |      E |      0 |      0 |     80 |      0 |   3634 |
  18:22:53 |    99 | 19.562 | 62.812 | 14.812 | 27.500 | 14.750 |   76.5 |   0 |      E |      0 |      0 |     80 |      0 |   3634 |
  18:23:06 |    99 | 19.625 | 62.812 | 14.875 | 27.500 | 14.812 |   76.5 |   0 |      E |      0 |      0 |     80 |      0 |   3634 |
  18:23:19 |    99 | 19.562 | 62.937 | 14.875 | 27.437 | 14.750 |   76.5 |   0 |      E |      0 |      0 |     80 |      0 |   3634 |
  18:23:32 |    99 | 19.500 | 63.125 | 14.875 | 27.500 | 14.750 |   76.5 |   0 |      E |      0 |      0 |     80 |      0 |   3634 |
  18:23:45 |    99 | 19.500 | 63.187 | 14.875 | 27.437 | 14.750 |   76.5 |   0 |      E |      0 |      0 |     80 |      0 |   3634 |
  18:23:58 |    99 | 19.562 | 63.312 | 14.875 | 27.437 | 14.750 |   76.5 |   0 |      E |      0 |      0 |     80 |      0 |   3634 |
  18:24:11 |    99 | 19.562 | 63.437 | 14.875 | 27.375 | 14.750 |   76.5 |   0 |      E |      0 |      0 |     80 |      0 |   3634 |
  18:24:24 |    99 | 19.500 | 63.687 | 14.812 | 27.437 | 14.750 |   76.5 |   0 |      E |      0 |      0 |     80 |      0 |   3634 |
  18:24:37 |    99 | 19.500 | 63.687 | 14.875 | 27.437 | 14.812 |   76.5 |   0 |      E |      0 |      0 |     80 |      0 |   3634 |
  18:24:50 |    99 | 19.500 | 63.750 | 14.875 | 27.375 | 14.750 |   76.5 |   0 |      E |      0 |      0 |     80 |      0 |   3634 |
  18:25:03 |    99 | 19.500 | 64.062 | 14.812 | 27.375 | 14.750 |   76.5 |   0 |      E |      0 |      0 |     80 |      0 |   3634 |
  18:25:16 |    99 | 19.500 | 64.250 | 14.875 | 27.375 | 14.750 |   76.5 |   0 |      E |      0 |      0 |     80 |      0 |   3634 |
  18:25:29 |    99 | 19.500 | 64.187 | 14.875 | 27.375 | 14.750 |   76.5 |   0 |      E |      0 |      0 |     80 |      0 |   3634 |
  18:25:42 |    99 | 19.500 | 64.250 | 14.812 | 27.375 | 14.750 |   76.5 |   0 |      E |      0 |      0 |     80 |      0 |   3634 |
  18:25:55 |    99 | 19.562 | 64.437 | 14.875 | 27.375 | 14.812 |   76.5 |   0 |      E |      0 |      0 |     80 |      0 |   3634 |
  18:26:08 |    99 | 19.500 | 64.562 | 14.875 | 27.375 | 14.812 |   76.5 |   0 |      E |      0 |      0 |     80 |      0 |   3634 |
  18:26:21 |    99 | 19.500 | 64.687 | 14.812 | 27.312 | 14.812 |   76.5 |   0 |      E |      0 |      0 |     80 |      0 |   3634 |
  18:26:34 |    99 | 19.437 | 64.750 | 14.875 | 27.375 | 14.750 |   76.5 |   0 |      E |      0 |      0 |     80 |      0 |   3634 |
  18:26:47 |    99 | 19.500 | 65.000 | 14.812 | 27.312 | 14.750 |   76.5 |   0 |      E |      0 |      0 |     80 |      0 |   3634 |
  18:27:00 |    99 | 19.500 | 65.062 | 14.812 | 27.312 | 14.750 |   76.5 |   0 |      E |      0 |      0 |     80 |      0 |   3634 |
  18:27:13 |    99 | 19.500 | 65.125 | 14.937 | 27.312 | 14.750 |   76.5 |   0 |      E |      0 |      0 |     80 |      0 |   3634 |
  18:27:26 |    99 | 19.500 | 65.187 | 14.875 | 27.312 | 14.687 |   76.5 |   0 |      E |      0 |      0 |     80 |      0 |   3634 |
  18:27:39 |    99 | 19.437 | 65.312 | 14.812 | 27.250 | 14.750 |   76.5 |   0 |      E |      0 |      0 |     80 |      0 |   3634 |
  18:27:52 |    99 | 19.500 | 65.562 | 14.875 | 27.250 | 14.750 |   76.5 |   0 |      E |      0 |      0 |     80 |      0 |   3634 |
  18:28:05 |    99 | 19.562 | 65.750 | 14.875 | 27.250 | 14.750 |   76.5 |   0 |      E |      0 |      0 |     80 |      0 |   3634 |
  18:28:18 |    99 | 19.500 | 65.750 | 14.875 | 27.250 | 14.750 |   76.5 |   0 |      E |      0 |      0 |     80 |      0 |   3634 |
  18:28:31 |    99 | 19.500 | 66.062 | 14.875 | 27.250 | 14.687 |   76.5 |   0 |      E |      0 |      0 |     80 |      0 |   3634 |
  18:28:44 |    99 | 19.500 | 66.062 | 14.875 | 27.250 | 14.687 |   76.5 |   0 |      E |      0 |      0 |     80 |      0 |   3634 |
  18:28:57 |    99 | 19.500 | 66.250 | 14.875 | 27.250 | 14.687 |   76.5 |   0 |      E |      0 |      0 |     80 |      0 |   3634 |
  18:29:10 |    99 | 19.500 | 66.187 | 14.875 | 27.250 | 14.750 |   76.5 |   0 |      E |      0 |      0 |     80 |      0 |   3634 |
  18:29:23 |    99 | 19.500 | 66.500 | 14.875 | 27.187 | 14.750 |   76.5 |   0 |      E |      0 |      0 |     80 |      0 |   3634 |
  18:29:36 |    99 | 19.500 | 66.687 | 14.875 | 27.187 | 14.750 |   76.5 |   0 |      E |      0 |      0 |     80 |      0 |   3634 |
  18:29:49 |    99 | 19.500 | 66.937 | 14.875 | 27.187 | 14.750 |   76.5 |   0 |      E |      0 |      0 |     80 |      0 |   3634 |
  18:30:02 |    99 | 19.500 | 66.812 | 14.875 | 27.187 | 14.750 |   76.5 |   0 |      E |      0 |      0 |     80 |      0 |   3634 |
  18:30:15 |    99 | 19.500 | 66.812 | 14.937 | 27.187 | 14.750 |   76.5 |   0 |      E |      0 |      0 |     80 |      0 |   3634 |
  18:30:28 |    99 | 19.500 | 67.062 | 14.875 | 27.125 | 14.750 |   76.5 |   0 |      E |      0 |      0 |     80 |      0 |   3634 |
  18:30:41 |    99 | 19.500 | 67.187 | 14.937 | 27.125 | 14.750 |   76.5 |   0 |      E |      0 |      0 |     80 |      0 |   3634 |
  18:30:54 |    99 | 19.437 | 67.312 | 14.937 | 27.125 | 14.750 |   76.5 |   0 |      E |      0 |      0 |     80 |      0 |   3634 |
  18:31:07 |    99 | 19.500 | 67.312 | 14.937 | 27.125 | 14.750 |   76.5 |   0 |      E |      0 |      0 |     80 |      0 |   3634 |
  18:31:20 |    99 | 19.500 | 67.562 | 14.875 | 27.125 | 14.750 |   76.5 |   0 |      E |      0 |      0 |     80 |      0 |   3634 |
  18:31:33 |    99 | 19.500 | 67.625 | 14.875 | 27.062 | 14.750 |   76.5 |   0 |      E |      0 |      0 |     80 |      0 |   3634 |
  18:31:46 |    99 | 19.562 | 67.687 | 14.875 | 27.062 | 14.750 |   76.5 |   0 |      E |      0 |      0 |     80 |      0 |   3634 |
  18:31:59 |    99 | 19.500 | 67.687 | 14.937 | 27.062 | 14.750 |   76.5 |   0 |      E |      0 |      0 |     80 |      0 |   3634 |
  18:32:12 |    99 | 19.500 | 67.875 | 14.875 | 27.125 | 14.750 |   76.5 |   0 |      E |      0 |      0 |     80 |      0 |   3634 |
  18:32:25 |    99 | 19.500 | 68.000 | 14.937 | 27.062 | 14.750 |   76.5 |   0 |      E |      0 |      0 |     80 |      0 |   3634 |
  18:32:38 |    99 | 19.500 | 68.125 | 14.937 | 27.062 | 14.750 |   76.5 |   0 |      E |      0 |      0 |     80 |      0 |   3634 |
  18:32:51 |    99 | 19.562 | 68.312 | 14.937 | 27.062 | 14.750 |   76.5 |   0 |      E |      0 |      0 |     80 |      0 |   3634 |
  18:33:04 |    99 | 19.562 | 68.437 | 14.937 | 27.062 | 14.750 |   76.5 |   0 |      E |      0 |      0 |     80 |      0 |   3634 |
  18:33:17 |    99 | 19.562 | 68.562 | 14.875 | 27.062 | 14.750 |   76.5 |   0 |      E |      0 |      0 |     80 |      0 |   3634 |
  18:33:30 |    99 | 19.562 | 68.750 | 14.937 | 27.062 | 14.750 |   76.5 |   0 |      E |      0 |      0 |     80 |      0 |   3634 |
  18:33:43 |    99 | 19.500 | 68.562 | 14.875 | 27.000 | 14.750 |   76.5 |   0 |      E |      0 |      0 |     80 |      0 |   3634 |
  18:33:56 |    99 | 19.562 | 68.750 | 14.875 | 27.000 | 14.750 |   76.5 |   0 |      E |      0 |      0 |     80 |      0 |   3634 |
  18:34:09 |    99 | 19.562 | 69.000 | 14.937 | 27.000 | 14.750 |   76.5 |   0 |      E |      0 |      0 |     80 |      0 |   3634 |
  18:34:22 |    99 | 19.562 | 69.062 | 14.937 | 27.000 | 14.750 |   76.5 |   0 |      E |      0 |      0 |     80 |      0 |   3634 |
  18:34:35 |    99 | 19.562 | 69.062 | 14.937 | 27.000 | 14.687 |   76.5 |   0 |      E |      0 |      0 |     80 |      0 |   3634 |
  18:34:48 |    99 | 19.562 | 69.125 | 14.937 | 27.000 | 14.750 |   76.5 |   0 |      E |      0 |      0 |     80 |      0 |   3634 |
  18:35:01 |    99 | 19.562 | 69.187 | 15.000 | 27.000 | 14.687 |   76.5 |   0 |      E |      0 |      0 |     80 |      0 |   3634 |
  18:35:14 |    99 | 19.500 | 69.250 | 15.000 | 27.000 | 14.687 |   76.5 |   0 |      E |      0 |      0 |     80 |      0 |   3634 |
  18:35:27 |    99 | 19.562 | 69.375 | 15.000 | 27.000 | 14.687 |   76.5 |   0 |      E |      0 |      0 |     80 |      0 |   3634 |
  18:35:40 |    99 | 19.562 | 69.687 | 14.937 | 26.937 | 14.750 |   76.5 |   0 |      E |      0 |      0 |     80 |      0 |   3634 |
  18:35:53 |    99 | 19.562 | 69.562 | 14.937 | 26.937 | 14.687 |   76.5 |   0 |      E |      0 |      0 |     80 |      0 |   3634 |
  18:36:06 |    99 | 19.500 | 69.625 | 15.000 | 26.875 | 14.687 |   76.5 |   0 |      E |      0 |      0 |     80 |      0 |   3634 |
  18:36:19 |    99 | 19.562 | 69.812 | 15.000 | 26.875 | 14.687 |   76.5 |   0 |      E |      0 |      0 |     80 |      0 |   3634 |
  18:36:32 |    99 | 19.562 | 70.000 | 15.000 | 26.875 | 14.750 |   76.5 |   0 |      E |      0 |      0 |     80 |      0 |   3634 |
  18:36:45 |    99 | 19.562 | 70.062 | 14.937 | 26.875 | 14.750 |   76.5 |   0 |      E |      0 |      0 |     80 |      0 |   3634 |
  18:36:58 |    99 | 19.562 | 70.187 | 15.000 | 26.875 | 14.750 |   76.5 |   0 |      E |      0 |      0 |     80 |      0 |   3634 |
  18:37:11 |    99 | 19.562 | 70.187 | 14.937 | 26.875 | 14.687 |   76.5 |   0 |      E |      0 |      0 |     80 |      0 |   3634 |
  18:37:24 |    99 | 19.500 | 70.250 | 14.937 | 26.875 | 14.687 |   76.5 |   0 |      E |      0 |      0 |     80 |      0 |   3634 |
  18:37:37 |    99 | 19.500 | 70.375 | 15.000 | 26.875 | 14.687 |   76.5 |   0 |      E |      0 |      0 |     80 |      0 |   3634 |
  18:37:50 |    99 | 19.500 | 70.562 | 15.000 | 26.812 | 14.687 |   76.5 |   0 |      E |      0 |      0 |     80 |      0 |   3634 |
  18:38:03 |    99 | 19.562 | 70.750 | 15.000 | 26.812 | 14.687 |   76.5 |   0 |      E |      0 |      0 |     80 |      0 |   3634 |
  18:38:16 |    99 | 19.562 | 70.750 | 15.062 | 26.812 | 14.687 |   76.5 |   0 |      E |      0 |      0 |     80 |      0 |   3634 |
  18:38:29 |    99 | 19.562 | 70.750 | 15.000 | 26.812 | 14.687 |   76.5 |   0 |      E |      0 |      0 |     80 |      0 |   3634 |
  18:38:42 |    99 | 19.562 | 70.812 | 15.062 | 26.812 | 14.687 |   76.5 |   0 |      E |      0 |      0 |     80 |      0 |   3634 |
  18:38:55 |    99 | 19.500 | 70.875 | 15.062 | 26.750 | 14.687 |   76.5 |   0 |      E |      0 |      0 |     80 |      0 |   3634 |
  18:39:08 |    99 | 19.562 | 71.062 | 15.062 | 26.750 | 14.687 |   76.5 |   0 |      E |      0 |      0 |     80 |      0 |   3634 |
  18:39:21 |    99 | 19.562 | 71.062 | 15.000 | 26.812 | 14.750 |   76.5 |   0 |      E |      0 |      0 |     80 |      0 |   3634 |
  18:39:34 |    99 | 19.562 | 71.250 | 15.062 | 26.750 | 14.687 |   76.5 |   0 |      E |      0 |      0 |     80 |      0 |   3634 |
  18:39:47 |    99 | 19.562 | 71.312 | 15.062 | 26.750 | 14.687 |   76.5 |   0 |      E |      0 |      0 |     80 |      0 |   3634 |
  18:40:00 |    99 | 19.562 | 71.500 | 15.000 | 26.750 | 14.687 |   76.5 |   0 |      E |      0 |      0 |     80 |      0 |   3634 |
  18:40:13 |    99 | 19.562 | 71.500 | 15.000 | 26.750 | 14.750 |   76.5 |   0 |      E |      0 |      0 |     80 |      0 |   3634 |
  18:40:26 |    99 | 19.562 | 71.687 | 15.000 | 26.750 | 14.687 |   76.5 |   0 |      E |      0 |      0 |     80 |      0 |   3634 |
  18:40:39 |    99 | 19.562 | 71.687 | 15.062 | 26.750 | 14.687 |   76.5 |   0 |      E |      0 |      0 |     80 |      0 |   3634 |
  18:40:52 |    99 | 19.562 | 71.687 | 15.000 | 26.750 | 14.687 |   76.5 |   0 |      E |      0 |      0 |     80 |      0 |   3634 |
  18:41:05 |    99 | 19.562 | 71.812 | 15.062 | 26.687 | 14.687 |   76.5 |   0 |      E |      0 |      0 |     80 |      0 |   3634 |
  18:41:18 |    99 | 19.562 | 71.937 | 15.062 | 26.687 | 14.687 |   76.5 |   0 |      E |      0 |      0 |     80 |      0 |   3634 |
  18:41:31 |    99 | 19.562 | 71.937 | 15.062 | 26.687 | 14.625 |   76.5 |   0 |      E |      0 |      0 |     80 |      0 |   3634 |
  18:41:44 |    99 | 19.562 | 72.187 | 15.062 | 26.687 | 14.687 |   76.5 |   0 |      E |      0 |      0 |     80 |      0 |   3634 |
  18:41:57 |    99 | 19.562 | 72.312 | 15.062 | 26.687 | 14.687 |   76.5 |   0 |      E |      0 |      0 |     80 |      0 |   3634 |
  18:42:10 |    99 | 19.562 | 72.375 | 15.062 | 26.625 | 14.687 |   76.5 |   0 |      E |      0 |      0 |     80 |      0 |   3634 |
  18:42:23 |    99 | 19.562 | 72.437 | 15.062 | 26.625 | 14.687 |   76.5 |   0 |      E |      0 |      0 |     80 |      0 |   3634 |
  18:42:36 |    99 | 19.562 | 72.687 | 15.062 | 26.625 | 14.687 |   76.5 |   0 |      E |      0 |      0 |     80 |      0 |   3634 |
  18:42:49 |    99 | 19.562 | 72.625 | 15.125 | 26.625 | 14.625 |   76.5 |   0 |      E |      0 |      0 |     80 |      0 |   3634 |
  18:43:02 |    99 | 19.500 | 72.687 | 15.125 | 26.625 | 14.625 |   76.5 |   0 |      E |      0 |      0 |     80 |      0 |   3634 |
  18:43:15 |    99 | 19.562 | 72.687 | 15.125 | 26.562 | 14.625 |   76.5 |   0 |      E |      0 |      0 |     80 |      0 |   3634 |
  18:43:28 |    99 | 19.562 | 72.812 | 15.062 | 26.562 | 14.625 |   76.5 |   0 |      E |      0 |      0 |     80 |      0 |   3634 |
  18:43:41 |    99 | 19.562 | 72.937 | 15.125 | 26.562 | 14.625 |   76.5 |   0 |      E |      0 |      0 |     80 |      0 |   3634 |
  18:43:54 |    99 | 19.562 | 72.875 | 15.062 | 26.500 | 14.687 |   76.5 |   0 |      E |      0 |      0 |     80 |      0 |   3634 |
  18:44:07 |    99 | 19.562 | 73.000 | 15.125 | 26.562 | 14.625 |   76.5 |   0 |      E |      0 |      0 |     80 |      0 |   3634 |
  18:44:20 |    99 | 19.562 | 73.062 | 15.187 | 26.562 | 14.625 |   76.5 |   0 |      E |      0 |      0 |     80 |      0 |   3634 |
  18:44:33 |    99 | 19.500 | 73.125 | 15.187 | 26.500 | 14.625 |   76.5 |   0 |      E |      0 |      0 |     80 |      0 |   3634 |
  18:44:46 |    99 | 19.500 | 73.187 | 15.125 | 26.500 | 14.625 |   76.5 |   0 |      E |      0 |      0 |     80 |      0 |   3634 |
  18:44:59 |    99 | 19.500 | 73.187 | 15.187 | 26.500 | 14.625 |   76.5 |   0 |      E |      0 |      0 |     80 |      0 |   3634 |
  18:45:12 |    99 | 19.562 | 73.312 | 15.187 | 26.500 | 14.625 |   76.5 |   0 |      E |      0 |      0 |     80 |      0 |   3634 |
  18:45:25 |    99 | 19.562 | 73.437 | 15.187 | 26.500 | 14.625 |   76.5 |   0 |      E |      0 |      0 |     80 |      0 |   3634 |
  18:45:38 |    99 | 19.562 | 73.500 | 15.187 | 26.500 | 14.625 |   76.5 |   0 |      E |      0 |      0 |     80 |      0 |   3634 |
  18:45:51 |    99 | 19.437 | 73.625 | 15.125 | 26.500 | 14.625 |   76.5 |   0 |      E |      0 |      0 |     80 |      0 |   3634 |
  18:46:04 |    99 | 19.500 | 73.625 | 15.125 | 26.500 | 14.562 |   76.5 |   0 |      E |      0 |      0 |     80 |      0 |   3634 |
  18:46:17 |    99 | 19.500 | 73.687 | 15.187 | 26.500 | 14.625 |   76.5 |   0 |      E |      0 |      0 |     80 |      0 |   3634 |
  18:46:30 |    99 | 19.500 | 73.687 | 15.187 | 26.437 | 14.562 |   76.5 |   0 |      E |      0 |      0 |     80 |      0 |   3634 |
  18:46:43 |    99 | 19.500 | 73.875 | 15.187 | 26.437 | 14.562 |   76.5 |   0 |      E |      0 |      0 |     80 |      0 |   3634 |
  18:46:56 |    99 | 19.500 | 73.812 | 15.187 | 26.437 | 14.562 |   76.5 |   0 |      E |      0 |      0 |     80 |      0 |   3634 |
  18:47:09 |    99 | 19.500 | 73.937 | 15.187 | 26.437 | 14.562 |   76.5 |   0 |      E |      0 |      0 |     80 |      0 |   3634 |
  18:47:22 |    99 | 19.500 | 74.062 | 15.250 | 26.437 | 14.562 |   76.5 |   0 |      E |      0 |      0 |     80 |      0 |   3634 |
  18:47:35 |    99 | 19.500 | 74.125 | 15.187 | 26.375 | 14.562 |   76.5 |   0 |      E |      0 |      0 |     80 |      0 |   3634 |
  18:47:48 |    99 | 19.500 | 74.125 | 15.250 | 26.375 | 14.625 |   76.5 |   0 |      E |      0 |      0 |     80 |      0 |   3634 |
  18:48:01 |    99 | 19.500 | 74.125 | 15.187 | 26.375 | 14.625 |   76.5 |   0 |      E |      0 |      0 |     80 |      0 |   3634 |
  18:48:14 |    99 | 19.562 | 74.250 | 15.250 | 26.375 | 14.562 |   76.5 |   0 |      E |      0 |      0 |     80 |      0 |   3634 |
  18:48:27 |    99 | 19.562 | 74.250 | 15.250 | 26.312 | 14.562 |   76.5 |   0 |      E |      0 |      0 |     80 |      0 |   3634 |
  18:48:40 |    99 | 19.562 | 74.375 | 15.312 | 26.375 | 14.562 |   76.5 |   0 |      E |      0 |      0 |     80 |      0 |   3634 |
  18:48:53 |    99 | 19.562 | 74.562 | 15.250 | 26.312 | 14.562 |   76.5 |   0 |      E |      0 |      0 |     80 |      0 |   3634 |
  18:49:06 |    99 | 19.562 | 74.500 | 15.250 | 26.312 | 14.625 |   76.5 |   0 |      E |      0 |      0 |     80 |      0 |   3634 |
  18:49:19 |    99 | 19.500 | 74.750 | 15.312 | 26.312 | 14.562 |   76.5 |   0 |      E |      0 |      0 |     80 |      0 |   3634 |
  18:49:32 |    99 | 19.500 | 74.750 | 15.312 | 26.312 | 14.562 |   76.5 |   0 |      E |      0 |      0 |     80 |      0 |   3634 |
  18:49:45 |    99 | 19.500 | 74.812 | 15.312 | 26.312 | 14.562 |   76.5 |   0 |      E |      0 |      0 |     80 |      0 |   3634 |
  18:49:58 |    99 | 19.500 | 74.937 | 15.312 | 26.250 | 14.562 |   76.5 |   0 |      E |      0 |      0 |     80 |      0 |   3634 |
  18:50:11 |    99 | 19.562 | 74.937 | 15.312 | 26.250 | 14.562 |   76.5 |   0 |      E |      0 |      0 |     80 |      0 |   3634 |
  18:50:24 |    99 | 19.500 | 75.000 | 15.375 | 26.250 | 14.562 |   76.5 |   0 |      E |      0 |      0 |     80 |      0 |   3634 |
  18:50:37 |    99 | 19.562 | 75.062 | 15.375 | 26.250 | 14.625 |   76.5 |   0 |      E |      0 |      0 |     80 |      0 |   3634 |
  18:50:50 |    99 | 19.500 | 75.187 | 15.375 | 26.312 | 14.562 |   76.5 |   0 |      E |      0 |      0 |     80 |      0 |   3634 |
  18:51:03 |    99 | 19.500 | 75.062 | 15.312 | 26.250 | 14.625 |   76.5 |   0 |      E |      0 |      0 |     80 |      0 |   3634 |
  18:51:16 |    99 | 19.500 | 75.187 | 15.375 | 26.250 | 14.562 |   76.5 |   0 |      E |      0 |      0 |     80 |      0 |   3634 |
  18:51:29 |    99 | 19.500 | 75.250 | 15.375 | 26.250 | 14.625 |   76.5 |   0 |      E |      0 |      0 |     80 |      0 |   3634 |
  18:51:42 |    99 | 19.500 | 75.187 | 15.375 | 26.250 | 14.562 |   76.5 |   0 |      E |      0 |      0 |     80 |      0 |   3634 |
  18:51:55 |    99 | 19.500 | 75.437 | 15.375 | 26.250 | 14.625 |   76.5 |   0 |      E |      0 |      0 |     80 |      0 |   3634 |
  18:52:08 |    99 | 19.562 | 75.437 | 15.375 | 26.187 | 14.625 |   76.5 |   0 |      E |      0 |      0 |     80 |      0 |   3634 |
  18:52:21 |    99 | 19.500 | 75.625 | 15.375 | 26.187 | 14.625 |   76.5 |   0 |      E |      0 |      0 |     80 |      0 |   3634 |
  18:52:34 |    99 | 19.500 | 75.500 | 15.375 | 26.187 | 14.625 |   76.5 |   0 |      E |      0 |      0 |     80 |      0 |   3634 |
  18:52:47 |    99 | 19.500 | 75.562 | 15.375 | 26.250 | 14.562 |   76.5 |   0 |      E |      0 |      0 |     80 |      0 |   3634 |
  18:53:00 |    99 | 19.500 | 75.562 | 15.437 | 26.187 | 14.625 |   76.5 |   0 |      E |      0 |      0 |     80 |      0 |   3634 |
  18:53:13 |    99 | 19.500 | 75.625 | 15.437 | 26.187 | 14.562 |   76.5 |   0 |      E |      0 |      0 |     80 |      0 |   3634 |
  18:53:26 |    99 | 19.500 | 75.687 | 15.437 | 26.125 | 14.562 |   76.5 |   0 |      E |      0 |      0 |     80 |      0 |   3634 |
  18:53:39 |    99 | 19.500 | 75.812 | 15.437 | 26.187 | 14.562 |   76.5 |   0 |      E |      0 |      0 |     80 |      0 |   3634 |
  18:53:52 |    99 | 19.437 | 75.812 | 15.437 | 26.187 | 14.562 |   76.5 |   0 |      E |      0 |      0 |     80 |      0 |   3634 |
  18:54:05 |    99 | 19.500 | 75.750 | 15.500 | 26.187 | 14.562 |   76.5 |   0 |      E |      0 |      0 |     80 |      0 |   3634 |
  18:54:18 |    99 | 19.437 | 75.875 | 15.437 | 26.187 | 14.625 |   76.5 |   0 |      E |      0 |      0 |     80 |      0 |   3634 |
  18:54:31 |    99 | 19.500 | 76.125 | 15.500 | 26.125 | 14.562 |   76.5 |   0 |      E |      0 |      0 |     80 |      0 |   3634 |
  18:54:44 |    99 | 19.500 | 76.125 | 15.437 | 26.125 | 14.562 |   76.5 |   0 |      E |      0 |      0 |     80 |      0 |   3634 |
  18:54:57 |    99 | 19.437 | 76.000 | 15.500 | 26.125 | 14.625 |   76.5 |   0 |      E |      0 |      0 |     80 |      0 |   3634 |
  18:55:10 |    99 | 19.437 | 76.062 | 15.562 | 26.125 | 14.562 |   76.5 |   0 |      E |      0 |      0 |     80 |      0 |   3634 |
  18:55:23 |    99 | 19.437 | 76.125 | 15.562 | 26.062 | 14.562 |   76.5 |   0 |      E |      0 |      0 |     80 |      0 |   3634 |
  18:55:36 |    99 | 19.500 | 76.187 | 15.562 | 26.062 | 14.500 |   76.5 |   0 |      E |      0 |      0 |     80 |      0 |   3634 |
  18:55:49 |    99 | 19.500 | 76.312 | 15.625 | 26.062 | 14.500 |   76.5 |   0 |      E |      0 |      0 |     80 |      0 |   3634 |
  18:56:02 |    99 | 19.500 | 76.500 | 15.625 | 26.062 | 14.562 |   76.5 |   0 |      E |      0 |      0 |     80 |      0 |   3634 |
  18:56:15 |    99 | 19.437 | 76.562 | 15.625 | 26.062 | 14.562 |   76.5 |   0 |      E |      0 |      0 |     80 |      0 |   3634 |
  18:56:28 |    99 | 19.437 | 76.437 | 15.625 | 26.062 | 14.562 |   76.5 |   0 |      E |      0 |      0 |     80 |      0 |   3634 |
  18:56:41 |    99 | 19.437 | 76.500 | 15.625 | 26.062 | 14.562 |   76.5 |   0 |      E |      0 |      0 |     80 |      0 |   3634 |
  18:56:54 |    99 | 19.437 | 76.562 | 15.687 | 26.000 | 14.500 |   76.5 |   0 |      E |      0 |      0 |     80 |      0 |   3634 |
  18:57:07 |    99 | 19.437 | 76.687 | 15.687 | 26.000 | 14.500 |   76.5 |   0 |      E |      0 |      0 |     80 |      0 |   3634 |
  18:57:20 |    99 | 19.500 | 76.687 | 15.687 | 26.000 | 14.500 |   76.5 |   0 |      E |      0 |      0 |     80 |      0 |   3634 |
  18:57:33 |    99 | 19.500 | 76.812 | 15.750 | 26.000 | 14.500 |   76.5 |   0 |      E |      0 |      0 |     80 |      0 |   3634 |
  18:57:46 |    99 | 19.500 | 76.875 | 15.687 | 26.000 | 14.500 |   76.5 |   0 |      E |      0 |      0 |     80 |      0 |   3634 |
  18:57:59 |    99 | 19.562 | 76.875 | 15.750 | 25.937 | 14.500 |   76.5 |   0 |      E |      0 |      0 |     80 |      0 |   3634 |
  18:58:12 |    99 | 19.500 | 77.062 | 15.812 | 25.937 | 14.500 |   76.5 |   0 |      E |      0 |      0 |     80 |      0 |   3634 |
  18:58:25 |    99 | 19.500 | 77.125 | 15.750 | 25.937 | 14.500 |   76.5 |   0 |      E |      0 |      0 |     80 |      0 |   3634 |
  18:58:38 |    99 | 19.500 | 77.125 | 15.750 | 25.937 | 14.500 |   76.5 |   0 |      E |      0 |      0 |     80 |      0 |   3634 |
  18:58:51 |    99 | 19.562 | 77.312 | 15.812 | 25.937 | 14.500 |   76.5 |   0 |      E |      0 |      0 |     80 |      0 |   3634 |
  18:59:04 |    99 | 19.500 | 77.250 | 15.812 | 25.937 | 14.500 |   76.5 |   0 |      E |      0 |      0 |     80 |      0 |   3634 |
  18:59:17 |    99 | 19.562 | 77.437 | 15.875 | 25.937 | 14.500 |   76.5 |   0 |      E |      0 |      0 |     80 |      0 |   3634 |
  18:59:30 |    99 | 19.500 | 77.500 | 15.937 | 25.937 | 14.500 |   76.5 |   0 |      E |      0 |      0 |     80 |      0 |   3634 |
  18:59:43 |    99 | 19.500 | 77.562 | 16.000 | 25.937 | 14.500 |   76.5 |   0 |      E |      0 |      0 |     80 |      0 |   3634 |
  18:59:56 |    99 | 19.562 | 77.500 | 16.000 | 25.875 | 14.500 |   76.5 |   0 |      E |      0 |      0 |     80 |      0 |   3634 |
  19:00:09 |    99 | 19.562 | 77.375 | 16.000 | 25.875 | 14.500 |   76.5 |   0 |      E |      0 |      0 |     80 |      0 |   3634 |
  19:00:22 |    99 | 19.500 | 77.375 | 16.000 | 25.812 | 14.437 |   76.5 |   0 |      E |      0 |      0 |     80 |      0 |   3634 |
  19:00:35 |    99 | 19.500 | 77.062 | 16.000 | 25.875 | 14.500 |   76.5 |   0 |      E |      0 |      0 |     80 |      0 |   3634 |
  19:00:48 |    99 | 19.500 | 76.812 | 16.062 | 25.812 | 14.500 |   76.5 |   0 |      E |      0 |      0 |     80 |      0 |   3634 |
  19:01:01 |    99 | 19.562 | 76.812 | 15.937 | 25.812 | 14.437 |   76.5 |   0 |      E |      0 |      0 |     80 |      0 |   3634 |
  19:01:14 |    99 | 19.500 | 76.812 | 15.875 | 25.875 | 14.375 |   76.5 |   0 |      E |      0 |      0 |     80 |      0 |   3634 |
  19:01:27 |    99 | 19.562 | 76.875 | 15.875 | 25.812 | 14.437 |   76.5 |   0 |      E |      0 |      0 |     80 |      0 |   3634 |
  19:01:40 |    99 | 19.500 | 76.875 | 15.812 | 25.812 | 14.437 |   76.5 |   0 |      E |      0 |      0 |     80 |      0 |   3634 |
  19:01:53 |    99 | 19.562 | 76.875 | 15.812 | 25.812 | 14.437 |   76.5 |   0 |      E |      0 |      0 |     80 |      0 |   3634 |
  19:02:06 |    99 | 19.437 | 76.937 | 15.750 | 25.812 | 14.375 |   76.5 |   0 |      E |      0 |      0 |     80 |      0 |   3634 |
  19:02:19 |    99 | 19.500 | 77.000 | 15.812 | 25.812 | 14.437 |   76.5 |   0 |      E |      0 |      0 |     80 |      0 |   3634 |
  19:02:32 |    99 | 19.437 | 77.062 | 15.812 | 25.812 | 14.375 |   76.5 |   0 |      E |      0 |      0 |     80 |      0 |   3634 |
  19:02:45 |    99 | 19.437 | 77.187 | 15.812 | 25.750 | 14.437 |   76.5 |   0 |      E |      0 |      0 |     80 |      0 |   3634 |
  19:02:58 |    99 | 19.437 | 77.437 | 15.875 | 25.750 | 14.375 |   76.5 |   0 |      E |      0 |      0 |     80 |      0 |   3634 |
  19:03:11 |    99 | 19.437 | 77.687 | 15.875 | 25.750 | 14.437 |   76.5 |   0 |      E |      0 |      0 |     80 |      0 |   3634 |
  19:03:24 |    99 | 19.437 | 77.625 | 15.937 | 25.750 | 14.375 |   76.5 |   0 |      E |      0 |      0 |     80 |      0 |   3634 |
  19:03:37 |    99 | 19.437 | 77.625 | 15.937 | 25.750 | 14.375 |   76.5 |   0 |      E |      0 |      0 |     80 |      0 |   3634 |
  19:03:50 |    99 | 19.375 | 78.000 | 16.000 | 25.750 | 14.437 |   76.5 |   0 |      E |      0 |      0 |     80 |      0 |   3634 |
  19:04:03 |    99 | 19.375 | 78.000 | 16.000 | 25.687 | 14.375 |   76.5 |   0 |      E |      0 |      0 |     80 |      0 |   3634 |
  19:04:16 |    99 | 19.437 | 78.062 | 16.062 | 25.750 | 14.375 |   76.5 |   0 |      E |      0 |      0 |     80 |      0 |   3634 |
  19:04:29 |    99 | 19.437 | 78.125 | 16.062 | 25.750 | 14.375 |   76.5 |   0 |      E |      0 |      0 |     80 |      0 |   3634 |
  19:04:42 |    99 | 19.437 | 78.375 | 16.125 | 25.687 | 14.437 |   76.5 |   0 |      E |      0 |      0 |     80 |      0 |   3634 |
  19:04:55 |    99 | 19.437 | 78.562 | 16.187 | 25.687 | 14.437 |   76.5 |   0 |      E |      0 |      0 |     80 |      0 |   3634 |
  19:05:08 |    99 | 19.437 | 78.750 | 16.250 | 25.625 | 14.375 |   76.5 |   0 |      E |      0 |      0 |     80 |      0 |   3634 |
  19:05:21 |    99 | 19.437 | 78.750 | 16.250 | 25.687 | 14.375 |   76.5 |   0 |      E |      0 |      0 |     80 |      0 |   3634 |
  19:05:34 |    99 | 19.437 | 78.937 | 16.312 | 25.687 | 14.437 |   76.5 |   0 |      E |      0 |      0 |     80 |      0 |   3634 |
  19:05:47 |    99 | 19.437 | 79.062 | 16.375 | 25.625 | 14.375 |   76.5 |   0 |      E |      0 |      0 |     80 |      0 |   3634 |
  19:06:00 |    99 | 19.500 | 79.125 | 16.437 | 25.625 | 14.437 |   76.5 |   0 |      E |      0 |      0 |     80 |      0 |   3634 |
  19:06:13 |    99 | 19.437 | 79.187 | 16.437 | 25.625 | 14.375 |   76.5 |   0 |      E |      0 |      0 |     80 |      0 |   3634 |
  19:06:26 |    99 | 19.437 | 79.250 | 16.562 | 25.625 | 14.375 |   76.5 |   0 |      E |      0 |      0 |     80 |      0 |   3634 |
  19:06:39 |    99 | 19.437 | 79.437 | 16.562 | 25.562 | 14.375 |   76.5 |   0 |      E |      0 |      0 |     80 |      0 |   3634 |
  19:06:52 |    99 | 19.500 | 79.562 | 16.562 | 25.625 | 14.375 |   76.5 |   0 |      E |      0 |      0 |     80 |      0 |   3634 |
  19:07:05 |    99 | 19.500 | 79.750 | 16.687 | 25.625 | 14.375 |   76.5 |   0 |      E |      0 |      0 |     80 |      0 |   3634 |
  19:07:18 |    99 | 19.437 | 79.812 | 16.750 | 25.562 | 14.375 |   76.5 |   0 |      E |      0 |      0 |     80 |      0 |   3634 |
  19:07:31 |    99 | 19.500 | 80.000 | 16.875 | 25.562 | 14.312 |   76.5 |   0 |      E |      0 |      0 |     80 |      0 |   3634 |
  19:07:44 |    99 | 19.437 | 80.062 | 17.000 | 25.562 | 14.375 |   76.5 |   0 |      E |      0 |      0 |     80 |      0 |   3634 |
  19:07:57 |    99 | 19.500 | 80.125 | 17.250 | 25.562 | 14.375 |   76.5 |   0 |      E |      0 |      0 |     80 |      0 |   3634 |
  19:08:10 |    99 | 19.500 | 80.312 | 17.500 | 25.562 | 14.375 |   76.5 |   0 |      E |      0 |      0 |     80 |      0 |   3634 |
  19:08:23 |    99 | 19.437 | 80.437 | 17.812 | 25.500 | 14.375 |   76.5 |   0 |      E |      0 |      0 |     80 |      0 |   3634 |
  19:08:36 |    99 | 19.437 | 80.562 | 18.250 | 25.500 | 14.312 |   76.5 |   0 |      E |      0 |      0 |     80 |      0 |   3634 |
  19:08:49 |    99 | 19.500 | 80.625 | 18.625 | 25.500 | 14.375 |   76.5 |   0 |      E |      0 |      0 |     80 |      0 |   3634 |
  19:09:02 |    99 | 19.437 | 80.750 | 19.062 | 25.500 | 14.375 |   76.5 |   0 |      E |      0 |      0 |     80 |      0 |   3634 |
  19:09:15 |    99 | 19.500 | 80.875 | 19.437 | 25.500 | 14.375 |   76.5 |   0 |      E |      0 |      0 |     80 |      0 |   3634 |
  19:09:28 |    99 | 19.500 | 81.000 | 20.125 | 25.500 | 14.312 |   76.5 |   0 |      E |      0 |      0 |     80 |      0 |   3634 |
  19:09:41 |    99 | 19.500 | 81.062 | 20.562 | 25.500 | 14.312 |   76.5 |   0 |      E |      0 |      0 |     80 |      0 |   3634 |
  19:09:54 |    99 | 19.562 | 81.125 | 21.312 | 25.500 | 14.312 |   76.5 |   0 |      E |      0 |      0 |     80 |      0 |   3634 |
  19:10:07 |    99 | 19.500 | 81.250 | 22.062 | 25.437 | 14.312 |   76.5 |   0 |      E |      0 |      0 |     80 |      0 |   3634 |
  19:10:20 |    99 | 19.500 | 81.312 | 23.187 | 25.437 | 14.312 |   76.5 |   0 |      E |      0 |      0 |     80 |      0 |   3634 |
  19:10:33 |    99 | 19.500 | 81.500 | 24.687 | 25.437 | 14.312 |   76.5 |   0 |      E |      0 |      0 |     80 |      0 |   3634 |
  19:10:46 |    99 | 19.500 | 81.625 | 26.437 | 25.437 | 14.312 |   76.5 |   0 |      E |      0 |      0 |     80 |      0 |   3634 |
  19:10:59 |    99 | 19.500 | 81.750 | 28.437 | 25.437 | 14.312 |   76.5 |   0 |      E |      0 |      0 |     80 |      0 |   3634 |
  19:11:12 |    99 | 19.437 | 81.812 | 31.750 | 25.375 | 14.312 |   76.5 |   0 |      E |      0 |      0 |     80 |      0 |   3634 |
  19:11:25 |    99 | 19.500 | 81.937 | 34.937 | 25.375 | 14.312 |   76.5 |   0 |      E |      0 |      0 |     80 |      0 |   3634 |
  19:11:38 |    99 | 19.500 | 82.000 | 39.750 | 25.375 | 14.250 |   76.5 |   0 |      E |      0 |      0 |     80 |      0 |   3634 |
  19:11:51 |    99 | 19.437 | 82.187 | 46.125 | 25.375 | 14.312 |   76.5 |   0 |      E |      0 |      0 |     80 |      0 |   3634 |
  19:12:04 |    99 | 19.437 | 82.187 | 54.062 | 25.437 | 14.312 |   76.5 |   0 |      E |      0 |      0 |     80 |      0 |   3634 |
  19:12:17 |    99 | 19.437 | 82.312 | 61.125 | 25.375 | 14.312 |   76.5 |   0 |      E |      0 |      0 |     80 |      0 |   3634 |
  19:12:30 |    99 | 19.437 | 82.375 | 65.812 | 25.375 | 14.312 |   76.5 |   0 |      E |      0 |      0 |     80 |      0 |   3634 |
  19:12:43 |    99 | 19.500 | 82.562 | 69.000 | 25.375 | 14.312 |   76.5 |   0 |      E |      0 |      0 |     80 |      0 |   3634 |
  19:12:56 |    99 | 19.437 | 82.562 | 70.937 | 25.312 | 14.312 |   76.5 |   0 |      E |      0 |      0 |     80 |      0 |   3634 |
  19:13:09 |    99 | 19.437 | 82.625 | 72.125 | 25.375 | 14.312 |   76.5 |   0 |      E |      0 |      0 |     80 |      0 |   3634 |
  19:13:22 |    99 | 19.500 | 82.750 | 72.875 | 25.312 | 14.312 |   76.5 |   0 |      E |      0 |      0 |     80 |      0 |   3634 |
  19:13:35 |    99 | 19.437 | 82.812 | 73.437 | 25.312 | 14.250 |   76.5 |   0 |      E |      0 |      0 |     80 |      0 |   3634 |
  19:13:48 |    99 | 19.437 | 82.875 | 73.875 | 25.312 | 14.250 |   76.5 |   0 |      E |      0 |      0 |     80 |      0 |   3634 |
  19:14:01 |    99 | 19.437 | 83.000 | 74.250 | 25.312 | 14.312 |   76.5 |   0 |      E |      0 |      0 |     80 |      0 |   3634 |
  19:14:14 |    99 | 19.500 | 83.062 | 74.562 | 25.250 | 14.312 |   76.5 |   0 |      E |      0 |      0 |     80 |      0 |   3634 |
  19:14:27 |    99 | 19.500 | 83.062 | 74.812 | 25.250 | 14.250 |   76.5 |   0 |      E |      0 |      0 |     80 |      0 |   3634 |
  19:14:40 |    99 | 19.500 | 83.187 | 75.000 | 25.250 | 14.250 |   76.5 |   0 |      E |      0 |      0 |     80 |      0 |   3634 |
  19:14:53 |    99 | 19.500 | 83.250 | 75.125 | 25.250 | 14.250 |   76.5 |   0 |      E |      0 |      0 |     80 |      0 |   3634 |
  19:15:06 |    99 | 19.562 | 83.312 | 75.125 | 25.250 | 14.250 |   76.5 |   0 |      E |      0 |      0 |     80 |      0 |   3634 |
  19:15:19 |    99 | 19.437 | 83.312 | 75.250 | 25.187 | 14.187 |   76.5 |   0 |      E |      0 |      0 |     80 |      0 |   3634 |
  19:15:32 |    99 | 19.500 | 83.375 | 75.375 | 25.250 | 14.250 |   76.5 |   0 |      E |      0 |      0 |     80 |      0 |   3634 |
  19:15:45 |    99 | 19.437 | 83.375 | 75.500 | 25.250 | 14.250 |   76.5 |   0 |      E |      0 |      0 |     80 |      0 |   3634 |
  19:15:58 |    99 | 19.500 | 83.500 | 75.625 | 25.187 | 14.250 |   76.5 |   0 |      E |      0 |      0 |     80 |      0 |   3634 |
  19:16:11 |    99 | 19.500 | 83.500 | 75.750 | 25.187 | 14.250 |   76.5 |   0 |      E |      0 |      0 |     80 |      0 |   3634 |
  19:16:24 |    99 | 19.562 | 83.500 | 75.875 | 25.187 | 14.250 |   76.5 |   0 |      E |      0 |      0 |     80 |      0 |   3634 |
  19:16:37 |    99 | 19.562 | 83.562 | 76.000 | 25.187 | 14.250 |   76.5 |   0 |      E |      0 |      0 |     80 |      0 |   3634 |
  19:16:50 |    99 | 19.625 | 83.625 | 76.125 | 25.125 | 14.187 |   76.5 |   0 |      E |      0 |      0 |     80 |      0 |   3634 |
  19:17:03 |    99 | 19.625 | 83.625 | 76.187 | 25.187 | 14.250 |   76.5 |   0 |      E |      0 |      0 |     80 |      0 |   3634 |
  19:17:16 |    99 | 19.687 | 83.687 | 76.312 | 25.187 | 14.187 |   76.5 |   0 |      E |      0 |      0 |     80 |      0 |   3634 |
  19:17:29 |    99 | 19.687 | 83.687 | 76.437 | 25.125 | 14.250 |   76.5 |   0 |      E |      0 |      0 |     80 |      0 |   3634 |
  19:17:42 |    99 | 19.687 | 83.750 | 76.562 | 25.125 | 14.250 |   76.5 |   0 |      E |      0 |      0 |     80 |      0 |   3634 |
  19:17:55 |    99 | 19.750 | 83.750 | 76.687 | 25.125 | 14.250 |   76.5 |   0 |      E |      0 |      0 |     80 |      0 |   3634 |
  19:18:08 |    99 | 19.750 | 83.750 | 76.812 | 25.125 | 14.250 |   76.5 |   0 |      E |      0 |      0 |     80 |      0 |   3634 |
  19:18:21 |    99 | 19.750 | 83.812 | 76.937 | 25.125 | 14.250 |   76.5 |   0 |      E |      0 |      0 |     80 |      0 |   3634 |
  19:18:34 |    99 | 19.750 | 83.812 | 77.062 | 25.125 | 14.250 |   76.5 |   0 |      E |      0 |      0 |     80 |      0 |   3634 |
  19:18:47 |    99 | 19.750 | 83.875 | 77.250 | 25.125 | 14.250 |   76.5 |   0 |      E |      0 |      0 |     80 |      0 |   3634 |
  19:19:00 |    99 | 19.750 | 83.875 | 77.437 | 25.062 | 14.250 |   76.5 |   0 |      E |      0 |      0 |     80 |      0 |   3634 |
  19:19:13 |    99 | 19.687 | 83.937 | 77.625 | 25.062 | 14.250 |   76.5 |   0 |      E |      0 |      0 |     80 |      0 |   3634 |
  19:19:26 |    99 | 19.687 | 83.875 | 77.875 | 25.062 | 14.187 |   76.5 |   0 |      E |      0 |      0 |     80 |      0 |   3634 |
  19:19:39 |    99 | 19.750 | 83.875 | 78.187 | 25.062 | 14.250 |   76.5 |   0 |      E |      0 |      0 |     80 |      0 |   3634 |
  19:19:52 |    99 | 19.750 | 83.937 | 78.437 | 25.062 | 14.250 |   76.5 |   0 |      E |      0 |      0 |     80 |      0 |   3634 |
  19:20:05 |    99 | 19.750 | 83.937 | 78.750 | 25.062 | 14.312 |   76.5 |   0 |      E |      0 |      0 |     80 |      0 |   3634 |
  19:20:18 |    99 | 19.750 | 83.937 | 79.187 | 25.062 | 14.250 |   76.5 |   0 |      E |      0 |      0 |     80 |      0 |   3634 |
  19:20:31 |    99 | 19.687 | 83.937 | 79.625 | 25.062 | 14.250 |   76.5 |   0 |      E |      0 |      0 |     80 |      0 |   3634 |
  19:20:44 |    99 | 19.750 | 84.000 | 80.000 | 25.062 | 14.312 |   76.5 |   0 |      E |      0 |      0 |     80 |      0 |   3634 |
  19:20:57 |    99 | 19.750 | 84.000 | 80.500 | 25.000 | 14.250 |   76.5 |   0 |      E |      0 |      0 |     80 |      0 |   3634 |
  19:21:10 |    99 | 19.750 | 84.000 | 80.937 | 25.062 | 14.250 |   76.5 |   0 |      E |      0 |      0 |     80 |      0 |   3634 |
  19:21:23 |    99 | 19.750 | 84.000 | 81.375 | 25.062 | 14.250 |   76.5 |   0 |      E |      0 |      0 |     80 |      0 |   3634 |
  19:21:36 |    99 | 19.750 | 84.000 | 81.687 | 25.062 | 14.250 |   76.5 |   0 |      E |      0 |      0 |     80 |      0 |   3634 |
  19:21:49 |    99 | 19.750 | 84.062 | 81.875 | 25.062 | 14.187 |   76.5 |   0 |      E |      0 |      0 |     80 |      0 |   3634 |
  19:22:02 |    99 | 19.812 | 84.062 | 82.187 | 25.062 | 14.187 |   76.5 |   0 |      E |      0 |      0 |     80 |      0 |   3634 |
  19:22:15 |    99 | 19.812 | 84.062 | 82.437 | 25.062 | 14.250 |   76.5 |   0 |      E |      0 |      0 |     80 |      0 |   3634 |
  19:22:28 |    99 | 19.750 | 84.062 | 82.562 | 25.000 | 14.250 |   76.5 |   0 |      E |      0 |      0 |     80 |      0 |   3634 |
  19:22:41 |    99 | 19.750 | 84.062 | 82.812 | 25.000 | 14.250 |   76.5 |   0 |      E |      0 |      0 |     80 |      0 |   3634 |
  19:22:54 |    99 | 19.750 | 84.062 | 82.812 | 25.000 | 14.250 |   76.5 |   0 |      E |      0 |      0 |     80 |      0 |   3634 |
  19:23:07 |    99 | 19.812 | 84.125 | 83.000 | 25.000 | 14.250 |   76.5 |   0 |      E |      0 |      0 |     80 |      0 |   3634 |
  19:23:20 |    99 | 19.812 | 84.125 | 83.062 | 25.000 | 14.250 |   76.5 |   0 |      E |      0 |      0 |     80 |      0 |   3634 |
  19:23:33 |    99 | 19.812 | 84.187 | 83.187 | 24.937 | 14.250 |   76.5 |   0 |      E |      0 |      0 |     80 |      0 |   3634 |
  19:23:46 |    99 | 19.812 | 84.187 | 83.250 | 24.937 | 14.312 |   76.5 |   0 |      E |      0 |      0 |     80 |      0 |   3634 |
  19:23:59 |    99 | 19.750 | 84.187 | 83.312 | 24.937 | 14.312 |   76.5 |   0 |      E |      0 |      0 |     80 |      0 |   3634 |
  19:24:12 |    99 | 19.750 | 84.187 | 83.312 | 24.937 | 14.312 |   76.5 |   0 |      E |      0 |      0 |     80 |      0 |   3634 |
  19:24:25 |    99 | 19.812 | 84.125 | 83.375 | 24.875 | 14.312 |   76.5 |   0 |      E |      0 |      0 |     80 |      0 |   3634 |
  19:24:38 |    99 | 19.750 | 84.187 | 83.437 | 24.937 | 14.312 |   76.5 |   0 |      E |      0 |      0 |     80 |      0 |   3634 |
  19:24:51 |    99 | 19.812 | 84.187 | 83.500 | 24.875 | 14.250 |   76.5 |   0 |      E |      0 |      0 |     80 |      0 |   3634 |
  19:25:04 |    99 | 19.750 | 84.187 | 83.562 | 24.875 | 14.250 |   76.5 |   0 |      E |      0 |      0 |     80 |      0 |   3634 |
  19:25:17 |    99 | 19.750 | 84.250 | 83.625 | 24.875 | 14.250 |   76.5 |   0 |      E |      0 |      0 |     80 |      0 |   3634 |
  19:25:30 |    99 | 19.750 | 84.250 | 83.687 | 24.875 | 14.312 |   76.5 |   0 |      E |      0 |      0 |     80 |      0 |   3634 |
  19:25:43 |    99 | 19.750 | 84.250 | 83.750 | 24.875 | 14.250 |   76.5 |   0 |      E |      0 |      0 |     80 |      0 |   3634 |
  19:25:56 |    99 | 19.812 | 84.250 | 83.750 | 24.875 | 14.250 |   76.5 |   0 |      E |      0 |      0 |     80 |      0 |   3634 |
  19:26:09 |    99 | 19.750 | 84.250 | 83.812 | 24.812 | 14.250 |   76.5 |   0 |      E |      0 |      0 |     80 |      0 |   3634 |
  19:26:22 |    99 | 19.750 | 84.187 | 83.625 | 24.875 | 14.250 |   76.5 |   0 |      E |      0 |      0 |     80 |      0 |   3634 |
  19:26:35 |    99 | 19.812 | 84.187 | 82.250 | 24.812 | 14.250 |   76.5 |   0 |      E |      0 |      0 |     80 |      0 |   3634 |
  19:26:48 |    99 | 19.812 | 84.250 | 80.812 | 24.812 | 14.250 |   76.5 |   0 |      E |      0 |      0 |     80 |      0 |   3634 |
  19:27:01 |    99 | 19.875 | 84.250 | 79.625 | 24.750 | 14.250 |   76.5 |   0 |      E |      0 |      0 |     80 |      0 |   3634 |
  19:27:14 |    99 | 19.875 | 84.250 | 78.812 | 24.812 | 14.250 |   76.5 |   0 |      E |      0 |      0 |     80 |      0 |   3634 |
  19:27:27 |    99 | 19.875 | 84.250 | 78.187 | 24.812 | 14.250 |   76.5 |   0 |      E |      0 |      0 |     80 |      0 |   3634 |
  19:27:40 |    99 | 19.875 | 84.250 | 77.687 | 24.750 | 14.250 |   76.5 |   0 |      E |      0 |      0 |     80 |      0 |   3634 |
  19:27:53 |    99 | 19.812 | 84.250 | 77.375 | 24.812 | 14.250 |   76.5 |   0 |      E |      0 |      0 |     80 |      0 |   3634 |
  19:28:06 |    99 | 19.750 | 84.312 | 77.062 | 24.750 | 14.250 |   76.5 |   0 |      E |      0 |      0 |     80 |      0 |   3634 |
  19:28:19 |    99 | 19.750 | 84.250 | 76.812 | 24.750 | 14.187 |   76.5 |   0 |      E |      0 |      0 |     80 |      0 |   3634 |
  19:28:32 |    99 | 19.750 | 84.250 | 76.562 | 24.750 | 14.187 |   76.5 |   0 |      E |      0 |      0 |     80 |      0 |   3634 |
  19:28:45 |    99 | 19.750 | 84.250 | 76.375 | 24.750 | 14.187 |   76.5 |   0 |      E |      0 |      0 |     80 |      0 |   3634 |
  19:28:58 |    99 | 19.687 | 84.250 | 76.250 | 24.750 | 14.187 |   76.5 |   0 |      E |      0 |      0 |     80 |      0 |   3634 |
  19:29:11 |    99 | 19.687 | 84.000 | 76.000 | 24.687 | 14.187 |   76.5 |   0 |      E |      0 |      0 |     80 |      0 |   3634 |
  19:29:24 |    99 | 19.562 | 83.687 | 75.375 | 24.687 | 14.187 |   76.5 |   0 |      E |      0 |      0 |     80 |      0 |   3634 |
  19:29:37 |    99 | 19.562 | 83.500 | 72.375 | 24.687 | 14.187 |   76.5 |   0 |      E |      0 |      0 |     80 |      0 |   3634 |
  19:29:50 |    99 | 19.625 | 83.250 | 67.437 | 24.687 | 14.187 |   76.5 |   0 |      E |      0 |      0 |     80 |      0 |   3634 |
  19:30:03 |    99 | 19.625 | 83.187 | 63.062 | 24.625 | 14.187 |   76.5 |   0 |      E |      0 |      0 |     80 |      0 |   3634 |
  19:30:16 |    99 | 19.500 | 83.062 | 60.125 | 24.687 | 14.187 |   76.5 |   0 |      E |      0 |      0 |     80 |      0 |   3634 |
  19:30:29 |    99 | 19.500 | 82.937 | 60.187 | 24.625 | 14.125 |   76.5 |   0 |      E |      0 |      0 |     80 |      0 |   3634 |
  19:30:42 |    99 | 19.500 | 82.750 | 60.000 | 24.625 | 14.125 |   76.5 |   0 |      E |      0 |      0 |     80 |      0 |   3634 |
  19:30:55 |    99 | 19.375 | 82.812 | 59.375 | 24.625 | 14.125 |   76.5 |   0 |      E |      0 |      0 |     80 |      0 |   3634 |
  19:31:08 |    99 | 19.375 | 82.750 | 58.625 | 24.625 | 14.125 |   76.5 |   0 |      E |      0 |      0 |     80 |      0 |   3634 |
