           |       |        |        |        |
           |       |  T amb | T boil |  Tboil |
      Time |   PWM |    (C) |    (C) | tgt(C) |
-----------------------------------------------
           |       |        |        |        |
           |       |  T amb | T boil |  Tboil |
      Time |   PWM |    (C) |    (C) | tgt(C) |
-----------------------------------------------
  11:29:57 |    25 | 25.437 | 24.000 |     55 |
  11:30:08 | 9.250 | 25.500 | 24.062 |     55 |
  11:30:18 |79.787 | 25.500 | 24.062 |     55 |
  11:30:28 |    85 | 25.500 | 24.062 |     55 |
  11:30:38 |    85 | 25.500 | 24.062 |     55 |
  11:30:48 |    85 | 25.500 | 24.062 |     55 |
  11:30:58 |    85 | 25.500 | 24.062 |     55 |
  11:31:08 |    85 | 25.500 | 24.062 |     55 |
  11:31:18 |    85 | 25.500 | 24.062 |     55 |
  11:31:28 |    85 | 25.562 | 24.062 |     55 |
  11:31:38 |    85 | 25.500 | 24.062 |     55 |
  11:31:48 |    85 | 25.500 | 24.062 |     55 |
  11:31:58 |    85 | 25.500 | 24.062 |     55 |
  11:32:08 |    85 | 25.562 | 24.062 |     55 |
  11:32:18 |    85 | 25.562 | 24.062 |     55 |
  11:32:28 |    85 | 25.562 | 24.062 |     55 |
  11:32:38 |    85 | 25.562 | 24.125 |     55 |
  11:32:48 |    85 | 25.500 | 24.187 |     55 |
  11:32:59 |    85 | 25.562 | 24.187 |     55 |
  11:33:09 |    85 | 25.562 | 24.250 |     55 |
  11:33:19 |    85 | 25.562 | 24.375 |     55 |
  11:33:29 |    85 | 25.562 | 24.437 |     55 |
  11:33:39 |    85 | 25.562 | 24.500 |     55 |
  11:33:49 |    85 | 25.562 | 24.562 |     55 |
  11:33:59 |    85 | 25.562 | 24.750 |     55 |
  11:34:09 |    85 | 25.562 | 24.875 |     55 |
  11:34:19 |    85 | 25.562 | 25.000 |     55 |
  11:34:29 |    85 | 25.625 | 25.125 |     55 |
  11:34:39 |    85 | 25.562 | 25.250 |     55 |
  11:34:49 |    85 | 25.562 | 25.312 |     55 |
  11:34:59 |    85 | 25.625 | 25.437 |     55 |
  11:35:09 |    85 | 25.625 | 25.500 |     55 |
  11:35:19 |    85 | 25.625 | 25.687 |     55 |
  11:35:29 |    85 | 25.625 | 25.750 |     55 |
  11:35:39 |    85 | 25.625 | 25.812 |     55 |
  11:35:49 |    85 | 25.625 | 26.000 |     55 |
  11:35:59 |    85 | 25.625 | 26.125 |     55 |
  11:36:09 |    85 | 25.625 | 26.312 |     55 |
  11:36:19 |    85 | 25.625 | 26.312 |     55 |
  11:36:29 |    85 | 25.625 | 26.437 |     55 |
  11:36:39 |    85 | 25.562 | 26.500 |     55 |
  11:36:49 |    85 | 25.625 | 26.562 |     55 |
  11:36:59 |    85 | 25.625 | 26.687 |     55 |
  11:37:09 |    85 | 25.562 | 26.750 |     55 |
  11:37:19 |    85 | 25.562 | 26.875 |     55 |
  11:37:29 |    85 | 25.625 | 27.000 |     55 |
  11:37:39 |    85 | 25.625 | 27.125 |     55 |
  11:37:49 |    85 | 25.625 | 27.187 |     55 |
  11:37:59 |    85 | 25.625 | 27.250 |     55 |
  11:38:09 |    85 | 25.562 | 27.312 |     55 |
  11:38:19 |    85 | 25.625 | 27.437 |     55 |
  11:38:29 |    85 | 25.562 | 27.625 |     55 |
  11:38:39 |    85 | 25.562 | 27.750 |     55 |
  11:38:49 |    85 | 25.562 | 27.812 |     55 |
  11:38:59 |    85 | 25.625 | 27.937 |     55 |
  11:39:09 |    85 | 25.625 | 28.000 |     55 |
  11:39:19 |    85 | 25.625 | 28.125 |     55 |
  11:39:29 |    85 | 25.625 | 28.312 |     55 |
  11:39:39 |    85 | 25.625 | 28.437 |     55 |
  11:39:49 |    85 | 25.625 | 28.437 |     55 |
  11:39:59 |    85 | 25.562 | 28.562 |     55 |
  11:40:09 |    85 | 25.625 | 28.687 |     55 |
  11:40:19 |    85 | 25.625 | 28.812 |     55 |
  11:40:29 |    85 | 25.625 | 28.875 |     55 |
  11:40:39 |    85 | 25.625 | 28.937 |     55 |
  11:40:49 |    85 | 25.625 | 29.125 |     55 |
  11:40:59 |    85 | 25.625 | 29.250 |     55 |
  11:41:09 |    85 | 25.625 | 29.375 |     55 |
  11:41:19 |    85 | 25.687 | 29.437 |     55 |
  11:41:29 |    85 | 25.625 | 29.562 |     55 |
  11:41:39 |    85 | 25.625 | 29.687 |     55 |
  11:41:49 |    85 | 25.687 | 29.750 |     55 |
  11:41:59 |    85 | 25.625 | 29.937 |     55 |
  11:42:09 |    85 | 25.625 | 30.062 |     55 |
  11:42:19 |    85 | 25.687 | 30.187 |     55 |
  11:42:29 |    85 | 25.687 | 30.250 |     55 |
  11:42:39 |    85 | 25.687 | 30.437 |     55 |
  11:42:49 |    85 | 25.625 | 30.500 |     55 |
  11:42:59 |    85 | 25.687 | 30.562 |     55 |
  11:43:09 |    85 | 25.687 | 30.687 |     55 |
  11:43:19 |    85 | 25.687 | 30.687 |     55 |
  11:43:29 |    85 | 25.625 | 30.937 |     55 |
  11:43:39 |    85 | 25.687 | 31.062 |     55 |
  11:43:49 |    85 | 25.625 | 31.250 |     55 |
  11:43:59 |    85 | 25.687 | 31.250 |     55 |
  11:44:09 |    85 | 25.687 | 31.312 |     55 |
  11:44:19 |    85 | 25.687 | 31.437 |     55 |
  11:44:29 |    85 | 25.687 | 31.500 |     55 |
  11:44:39 |    85 | 25.687 | 31.687 |     55 |
  11:44:49 |    85 | 25.687 | 31.687 |     55 |
  11:44:59 |    85 | 25.687 | 31.812 |     55 |
  11:45:09 |    85 | 25.687 | 32.000 |     55 |
  11:45:19 |    85 | 25.687 | 32.125 |     55 |
  11:45:29 |    85 | 25.687 | 32.250 |     55 |
  11:45:39 |    85 | 25.687 | 32.250 |     55 |
  11:45:49 |    85 | 25.750 | 32.437 |     55 |
  11:45:59 |    85 | 25.750 | 32.687 |     55 |
  11:46:09 |    85 | 25.687 | 32.750 |     55 |
  11:46:19 |    85 | 25.687 | 33.062 |     55 |
  11:46:29 |    85 | 25.687 | 33.000 |     55 |
  11:46:39 |    85 | 25.750 | 33.000 |     55 |
  11:46:49 |    85 | 25.687 | 33.125 |     55 |
  11:46:59 |    85 | 25.687 | 33.312 |     55 |
  11:47:09 |    85 | 25.687 | 33.375 |     55 |
  11:47:19 |    85 | 25.687 | 33.500 |     55 |
  11:47:29 |    85 | 25.750 | 33.562 |     55 |
  11:47:39 |    85 | 25.750 | 33.625 |     55 |
  11:47:49 |    85 | 25.750 | 33.750 |     55 |
  11:47:59 |    85 | 25.750 | 33.875 |     55 |
  11:48:09 |    85 | 25.750 | 34.125 |     55 |
  11:48:19 |    85 | 25.750 | 34.062 |     55 |
  11:48:29 |    85 | 25.750 | 34.000 |     55 |
  11:48:39 |    85 | 25.750 | 34.187 |     55 |
  11:48:49 |    85 | 25.750 | 34.187 |     55 |
  11:48:59 |    85 | 25.750 | 34.312 |     55 |
  11:49:09 |    85 | 25.750 | 34.437 |     55 |
  11:49:19 |    85 | 25.750 | 34.625 |     55 |
  11:49:29 |    85 | 25.750 | 34.750 |     55 |
  11:49:39 |    85 | 25.687 | 34.875 |     55 |
  11:49:49 |    85 | 25.750 | 34.937 |     55 |
  11:49:59 |    85 | 25.750 | 35.125 |     55 |
  11:50:09 |    85 | 25.750 | 35.187 |     55 |
  11:50:19 |    85 | 25.750 | 35.250 |     55 |
  11:50:29 |    85 | 25.750 | 35.312 |     55 |
  11:50:39 |    85 | 25.750 | 35.500 |     55 |
  11:50:49 |    85 | 25.687 | 35.687 |     55 |
  11:50:59 |    85 | 25.687 | 35.625 |     55 |
  11:51:09 |    85 | 25.687 | 35.750 |     55 |
  11:51:19 |    85 | 25.750 | 35.812 |     55 |
  11:51:29 |    85 | 25.750 | 35.937 |     55 |
  11:51:39 |    85 | 25.750 | 36.062 |     55 |
  11:51:49 |    85 | 25.750 | 36.125 |     55 |
  11:51:59 |    85 | 25.812 | 36.187 |     55 |
  11:52:09 |    85 | 25.875 | 36.250 |     55 |
  11:52:19 |    85 | 25.875 | 36.437 |     55 |
  11:52:29 |    85 | 25.937 | 36.500 |     55 |
  11:52:39 |    85 | 25.937 | 36.687 |     55 |
  11:52:49 |    85 | 25.875 | 36.812 |     55 |
  11:52:59 |    85 | 25.875 | 36.812 |     55 |
  11:53:09 |    85 | 25.875 | 36.875 |     55 |
  11:53:19 |    85 | 25.812 | 36.937 |     55 |
  11:53:29 |    85 | 25.812 | 37.062 |     55 |
  11:53:39 |    85 | 25.875 | 37.187 |     55 |
  11:53:49 |    85 | 25.812 | 37.250 |     55 |
  11:53:59 |    85 | 25.875 | 37.312 |     55 |
  11:54:09 |    85 | 25.812 | 37.437 |     55 |
  11:54:19 |    85 | 25.812 | 37.562 |     55 |
  11:54:29 |    85 | 25.812 | 37.687 |     55 |
  11:54:39 |    85 | 25.812 | 37.812 |     55 |
  11:54:49 |    85 | 25.875 | 37.875 |     55 |
  11:54:59 |    85 | 25.812 | 38.062 |     55 |
  11:55:09 |    85 | 25.875 | 38.125 |     55 |
  11:55:19 |    85 | 25.875 | 38.187 |     55 |
  11:55:29 |    85 | 25.812 | 38.187 |     55 |
  11:55:39 |    85 | 25.812 | 38.250 |     55 |
  11:55:49 |    85 | 25.812 | 38.312 |     55 |
  11:55:59 |    85 | 25.812 | 38.437 |     55 |
  11:56:09 |    85 | 25.812 | 38.562 |     55 |
  11:56:19 |    85 | 25.812 | 38.687 |     55 |
  11:56:29 |    85 | 25.812 | 38.812 |     55 |
  11:56:39 |    85 | 25.812 | 38.937 |     55 |
  11:56:49 |    85 | 25.875 | 39.000 |     55 |
  11:56:59 |    85 | 25.875 | 39.062 |     55 |
  11:57:09 |    85 | 25.875 | 39.187 |     55 |
  11:57:19 |    85 | 25.875 | 39.312 |     55 |
  11:57:29 |    85 | 25.875 | 39.375 |     55 |
  11:57:39 |    85 | 25.875 | 39.437 |     55 |
  11:57:49 |    85 | 25.875 | 39.687 |     55 |
  11:57:59 |    85 | 25.875 | 39.750 |     55 |
  11:58:09 |    85 | 25.875 | 39.750 |     55 |
  11:58:19 |    85 | 25.875 | 39.812 |     55 |
  11:58:29 |    85 | 25.812 | 39.875 |     55 |
  11:58:39 |    85 | 25.875 | 40.000 |     55 |
  11:58:49 |    85 | 25.875 | 40.125 |     55 |
  11:58:59 |    85 | 25.875 | 40.250 |     55 |
  11:59:09 |    85 | 25.812 | 40.312 |     55 |
  11:59:19 |    85 | 25.875 | 40.312 |     55 |
  11:59:29 |    85 | 25.875 | 40.375 |     55 |
  11:59:39 |    85 | 25.875 | 40.562 |     55 |
  11:59:49 |    85 | 25.875 | 40.687 |     55 |
  11:59:59 |    85 | 25.875 | 40.687 |     55 |
  12:00:09 |    85 | 25.875 | 40.875 |     55 |
  12:00:19 |    85 | 25.875 | 41.000 |     55 |
  12:00:29 |    85 | 25.875 | 41.125 |     55 |
  12:00:39 |    85 | 25.875 | 41.187 |     55 |
  12:00:49 |    85 | 25.875 | 41.250 |     55 |
  12:00:59 |    85 | 25.875 | 41.375 |     55 |
  12:01:09 |    85 | 25.875 | 41.437 |     55 |
  12:01:19 |    85 | 25.875 | 41.500 |     55 |
  12:01:29 |    85 | 25.875 | 41.562 |     55 |
  12:01:39 |    85 | 25.812 | 41.750 |     55 |
  12:01:49 |    85 | 25.875 | 41.812 |     55 |
  12:01:59 |    85 | 25.875 | 41.875 |     55 |
  12:02:09 |    85 | 25.875 | 42.000 |     55 |
  12:02:19 |    85 | 25.875 | 42.187 |     55 |
  12:02:29 |    85 | 25.875 | 42.187 |     55 |
  12:02:39 |    85 | 25.937 | 42.312 |     55 |
  12:02:49 |    85 | 25.875 | 42.375 |     55 |
  12:02:59 |    85 | 25.875 | 42.500 |     55 |
  12:03:09 |    85 | 25.937 | 42.562 |     55 |
  12:03:19 |    85 | 25.937 | 42.687 |     55 |
  12:03:29 |    85 | 25.937 | 42.750 |     55 |
  12:03:39 |    85 | 25.875 | 42.875 |     55 |
  12:03:49 |    85 | 25.875 | 42.875 |     55 |
  12:03:59 |    85 | 25.875 | 43.000 |     55 |
  12:04:09 |    85 | 25.937 | 43.125 |     55 |
  12:04:19 |    85 | 25.937 | 43.250 |     55 |
  12:04:29 |    85 | 25.937 | 43.375 |     55 |
  12:04:39 |    85 | 25.937 | 43.500 |     55 |
  12:04:49 |    85 | 25.937 | 43.562 |     55 |
  12:04:59 |    85 | 25.937 | 43.625 |     55 |
  12:05:09 |    85 | 25.937 | 43.687 |     55 |
  12:05:19 |    85 | 25.937 | 43.750 |     55 |
  12:05:29 |    85 | 25.875 | 43.875 |     55 |
  12:05:39 |    85 | 25.875 | 44.000 |     55 |
  12:05:49 |    85 | 25.875 | 44.000 |     55 |
  12:05:59 |    85 | 25.875 | 44.125 |     55 |
  12:06:09 |    85 | 25.875 | 44.250 |     55 |
  12:06:19 |    85 | 25.937 | 44.375 |     55 |
  12:06:29 |    85 | 25.937 | 44.437 |     55 |
  12:06:39 |    85 | 25.937 | 44.500 |     55 |
  12:06:49 |    85 | 25.937 | 44.625 |     55 |
  12:06:59 |    85 | 25.937 | 44.812 |     55 |
  12:07:09 |    85 | 25.937 | 44.875 |     55 |
  12:07:19 |    85 | 25.937 | 44.937 |     55 |
  12:07:29 |    85 | 25.937 | 45.000 |     55 |
  12:07:39 |    85 | 25.937 | 45.062 |     55 |
  12:07:49 |    85 | 25.937 | 45.187 |     55 |
  12:07:59 |    85 | 25.937 | 45.312 |     55 |
  12:08:09 |    85 | 25.937 | 45.375 |     55 |
  12:08:19 |    85 | 25.937 | 45.562 |     55 |
  12:08:29 |    85 | 25.937 | 45.687 |     55 |
  12:08:39 |    85 | 25.937 | 45.687 |     55 |
  12:08:49 |    85 | 25.937 | 45.687 |     55 |
  12:08:59 |    85 | 25.937 | 45.750 |     55 |
  12:09:09 |    85 | 25.937 | 45.875 |     55 |
  12:09:19 |    85 | 25.937 | 45.937 |     55 |
  12:09:29 |    85 | 25.937 | 46.000 |     55 |
  12:09:39 |    85 | 25.937 | 46.187 |     55 |
  12:09:49 |    85 | 25.937 | 46.187 |     55 |
  12:09:59 |    85 | 25.937 | 46.312 |     55 |
  12:10:09 |    85 | 26.000 | 46.375 |     55 |
  12:10:19 |    85 | 25.937 | 46.500 |     55 |
  12:10:29 |    85 | 26.000 | 46.562 |     55 |
  12:10:39 |    85 | 26.000 | 46.625 |     55 |
  12:10:49 |    85 | 25.937 | 46.687 |     55 |
  12:10:59 |    85 | 26.000 | 46.812 |     55 |
  12:11:09 |    85 | 25.937 | 46.937 |     55 |
  12:11:19 |    85 | 25.937 | 46.937 |     55 |
  12:11:29 |    85 | 26.000 | 47.000 |     55 |
  12:11:39 |    85 | 26.000 | 47.250 |     55 |
  12:11:49 |    85 | 26.000 | 47.375 |     55 |
  12:11:59 |    85 | 26.000 | 47.375 |     55 |
  12:12:09 |    85 | 26.000 | 47.500 |     55 |
  12:12:19 |    85 | 26.000 | 47.625 |     55 |
  12:12:29 |    85 | 26.062 | 47.625 |     55 |
  12:12:39 |    85 | 26.000 | 47.750 |     55 |
  12:12:49 |    85 | 26.062 | 47.812 |     55 |
  12:12:59 |    85 | 26.000 | 47.937 |     55 |
  12:13:09 |    85 | 26.062 | 48.000 |     55 |
  12:13:19 |    85 | 26.062 | 48.125 |     55 |
  12:13:29 |    85 | 26.062 | 48.187 |     55 |
  12:13:39 |    85 | 26.062 | 48.312 |     55 |
  12:13:49 |    85 | 26.062 | 48.375 |     55 |
  12:13:59 |    85 | 26.062 | 48.437 |     55 |
  12:14:09 |    85 | 26.000 | 48.312 |     55 |
  12:14:19 |    85 | 26.000 | 48.500 |     55 |
  12:14:29 |    85 | 26.000 | 48.562 |     55 |
  12:14:39 |    85 | 26.062 | 48.687 |     55 |
  12:14:49 |    85 | 26.062 | 48.812 |     55 |
  12:14:59 |    85 | 26.062 | 48.875 |     55 |
  12:15:09 |    85 | 26.000 | 48.937 |     55 |
  12:15:19 |    85 | 26.062 | 49.062 |     55 |
  12:15:29 |    85 | 26.062 | 49.062 |     55 |
  12:15:39 |    85 | 26.062 | 49.250 |     55 |
  12:15:49 |    85 | 26.062 | 49.312 |     55 |
  12:15:59 |    85 | 26.000 | 49.375 |     55 |
  12:16:09 |    85 | 26.125 | 49.500 |     55 |
  12:16:20 |    85 | 26.062 | 49.625 |     55 |
  12:16:30 |    85 | 26.125 | 49.687 |     55 |
  12:16:40 |    85 | 26.125 | 49.750 |     55 |
  12:16:50 |    85 | 26.125 | 49.812 |     55 |
  12:17:00 |    85 | 26.125 | 49.937 |     55 |
  12:17:10 |    85 | 26.125 | 50.000 |     55 |
  12:17:20 |    85 | 26.125 | 50.062 |     55 |
  12:17:30 |    85 | 26.125 | 50.187 |     55 |
  12:17:41 |    85 | 26.125 | 50.250 |     55 |
  12:17:51 |    85 | 26.125 | 50.312 |     55 |
  12:18:01 |    85 | 26.125 | 50.375 |     55 |
  12:18:11 |    85 | 26.125 | 50.375 |     55 |
  12:18:21 |    85 | 26.125 | 50.500 |     55 |
  12:18:31 |    85 | 26.187 | 50.562 |     55 |
  12:18:41 |    85 | 26.125 | 50.625 |     55 |
  12:18:51 |    85 | 26.062 | 50.687 |     55 |
  12:19:01 |    85 | 26.125 | 50.812 |     55 |
  12:19:11 |    85 | 26.062 | 50.937 |     55 |
  12:19:21 |    85 | 26.125 | 50.937 |     55 |
  12:19:31 |    85 | 26.125 | 51.062 |     55 |
  12:19:41 |    85 | 26.125 | 51.125 |     55 |
  12:19:51 |    85 | 26.125 | 51.187 |     55 |
  12:20:01 |    85 | 26.062 | 51.250 |     55 |
  12:20:11 |    85 | 26.062 | 51.312 |     55 |
  12:20:21 |    85 | 26.062 | 51.375 |     55 |
  12:20:31 |    85 | 26.062 | 51.500 |     55 |
  12:20:41 |    85 | 26.125 | 51.562 |     55 |
  12:20:51 |    85 | 26.125 | 51.562 |     55 |
  12:21:01 |    85 | 26.125 | 51.687 |     55 |
  12:21:11 |    85 | 26.125 | 51.687 |     55 |
  12:21:21 |    85 | 26.187 | 51.812 |     55 |
  12:21:31 |    85 | 26.187 | 51.937 |     55 |
  12:21:41 |    85 | 26.125 | 52.062 |     55 |
  12:21:51 |    85 | 26.125 | 52.187 |     55 |
  12:22:01 |    85 | 26.125 | 52.250 |     55 |
  12:22:11 |    85 | 26.125 | 52.250 |     55 |
  12:22:21 |    85 | 26.125 | 52.375 |     55 |
  12:22:31 |    85 | 26.125 | 52.437 |     55 |
  12:22:41 |    85 | 26.125 | 52.562 |     55 |
  12:22:51 |    85 | 26.187 | 52.625 |     55 |
  12:23:01 |    85 | 26.125 | 52.750 |     55 |
  12:23:11 |    85 | 26.125 | 52.875 |     55 |
  12:23:21 |    85 | 26.125 | 52.812 |     55 |
  12:23:31 |    85 | 26.187 | 52.937 |     55 |
  12:23:41 |    85 | 26.125 | 53.062 |     55 |
  12:23:51 |    85 | 26.187 | 53.125 |     55 |
  12:24:01 |    85 | 26.125 | 53.250 |     55 |
  12:24:11 |    85 | 26.187 | 53.312 |     55 |
  12:24:21 |    85 | 26.125 | 53.437 |     55 |
  12:24:31 |    85 | 26.125 | 53.500 |     55 |
  12:24:41 |    85 | 26.187 | 53.500 |     55 |
  12:24:51 |    85 | 26.187 | 53.375 |     55 |
  12:25:01 |    85 | 26.187 | 53.500 |     55 |
  12:25:11 |    85 | 26.187 | 53.687 |     55 |
  12:25:21 |    85 | 26.187 | 53.687 |     55 |
  12:25:31 |    85 | 26.187 | 53.687 |     55 |
  12:25:41 |    85 | 26.187 | 53.875 |     55 |
  12:25:51 |    85 | 26.187 | 54.000 |     55 |
  12:26:01 |    85 | 26.187 | 54.125 |     55 |
  12:26:11 |    85 | 26.187 | 54.250 |     55 |
  12:26:21 |    85 | 26.187 | 54.187 |     55 |
  12:26:31 |    85 | 26.187 | 54.312 |     55 |
  12:26:41 |    85 | 26.250 | 54.375 |     55 |
  12:26:51 |    85 | 26.187 | 54.500 |     55 |
  12:27:01 |    85 | 26.187 | 54.625 |     55 |
  12:27:11 |    85 | 26.250 | 54.687 |     55 |
  12:27:21 |    85 | 26.250 | 54.750 |     55 |
