
           |       | T boil | T boil |    jar |amt coll |
      Time |   PWM |    (C) | tgt(C) |      # |   (ml) |
----------------------------------------------------------
  10:25:31 |    35 | 61.687 |   60.0 |      0 |
  10:25:41 |32.751 | 61.812 |     65 |      0 |
  10:25:51 |34.113 | 61.937 |     65 |      0 |
  10:26:00 |35.106 | 62.000 |     65 |      0 |
  10:26:09 |36.270 | 62.125 |     65 |      0 |
  10:26:18 |37.411 | 62.187 |     65 |      0 |
  10:26:27 |38.658 | 62.250 |     65 |      0 |
  10:26:36 |39.953 | 62.312 |     65 |      0 |
  10:26:45 |41.297 | 62.312 |     65 |      0 |
  10:26:55 |42.784 | 62.312 |     65 |      0 |
  10:27:04 |44.365 | 62.437 |     65 |      0 |
  10:27:13 |45.743 | 62.500 |     65 |      0 |
  10:27:22 |47.058 | 62.437 |     65 |      0 |
  10:27:31 |48.549 | 62.437 |     65 |      0 |
  10:27:40 |50.002 | 62.500 |     65 |      0 |
  10:27:49 |51.373 | 62.437 |     65 |      0 |
  10:27:58 |52.912 | 62.500 |     65 |      0 |
  10:28:07 |54.306 | 62.562 |     65 |      0 |
  10:28:16 |55.666 | 62.562 |     65 |      0 |
  10:28:25 |57.087 | 62.562 |     65 |      0 |
  10:28:34 |58.513 | 62.625 |     65 |      0 |
  10:28:43 |59.846 | 62.687 |     65 |      0 |
  10:28:52 |61.142 | 62.750 |     65 |      0 |
  10:29:01 |62.394 | 62.750 |     65 |      0 |
  10:29:10 |63.704 | 62.875 |     65 |      0 |
  10:29:19 |64.817 | 62.875 |     65 |      0 |
  10:29:28 |66.043 | 62.875 |     65 |      0 |
  10:29:37 |67.271 | 62.937 |     65 |      0 |
  10:29:46 |68.403 | 62.937 |     65 |      0 |
  10:29:55 |69.592 | 63.000 |     65 |      0 |
  10:30:04 |70.685 | 63.000 |     65 |      0 |
  10:30:13 |71.839 | 63.062 |     65 |      0 |
  10:30:22 |72.900 | 63.062 |     65 |      0 |
  10:30:31 |74.021 | 63.125 |     65 |      0 |
  10:30:41 |75.046 | 63.187 |     65 |      0 |
  10:30:51 |76.034 | 63.312 |     65 |      0 |
  10:31:01 |76.881 | 63.375 |     65 |      0 |
  10:31:10 |77.743 | 63.375 |     65 |      0 |
  10:31:19 |78.662 | 63.500 |     65 |      0 |
  10:31:28 |79.386 | 63.562 |     65 |      0 |
  10:31:37 |80.127 | 63.625 |     65 |      0 |
  10:31:46 |80.826 | 63.750 |     65 |      0 |
  10:31:55 |81.389 | 63.812 |     65 |      0 |
  10:32:04 |81.971 | 63.875 |     65 |      0 |
  10:32:13 |82.514 | 64.000 |     65 |      0 |
  10:32:22 |82.924 | 64.062 |     65 |      0 |
  10:32:31 |83.356 | 64.125 |     65 |      0 |
  10:32:40 |83.749 | 64.250 |     65 |      0 |
  10:32:49 |84.011 | 64.312 |     65 |      0 |
  10:32:59 |84.297 | 64.437 |     65 |      0 |
  10:33:09 |84.453 | 64.500 |     65 |      0 |
  10:33:18 |84.633 | 64.625 |     65 |      0 |
  10:33:27 |84.688 | 64.687 |     65 |      0 |
  10:33:37 |84.770 | 64.750 |     65 |      0 |
  10:33:47 |84.819 | 64.812 |     65 |      0 |
  10:33:57 |84.838 | 64.937 |     65 |      0 |
  10:34:07 |84.739 | 65.000 |     65 |      0 |
  10:34:17 |84.676 | 65.062 |     65 |      0 |
  10:34:27 |84.593 | 65.187 |     65 |      0 |

           |       | T boil | T boil |    jar |amt coll |
      Time |   PWM |    (C) | tgt(C) |      # |   (ml) |
----------------------------------------------------------
  15:47:32 |    35 | 45.062 |   60.0 |      0 |
  15:47:41 |54.917 | 45.062 |     65 |      0 |
  15:47:51 |64.221 | 45.187 |     65 |      0 |
  15:48:00 |72.888 | 45.250 |     63 |      0 |
  15:48:09 |80.835 | 45.375 |     63 |      0 |
  15:48:18 |88.928 | 45.312 |     63 |      0 |
  15:48:27 |97.573 | 45.437 |     63 |      0 |
  15:48:36 |    99 | 45.562 |     63 |      0 |
  15:48:45 |    99 | 45.812 |     63 |      0 |
  15:48:54 |    99 | 46.000 |     63 |      0 |
  15:49:03 |    99 | 46.000 |     63 |      0 |
  15:49:12 |    99 | 46.125 |     63 |      0 |
  15:49:21 |    99 | 46.187 |     63 |      0 |
  15:49:30 |    99 | 46.312 |     63 |      0 |
  15:49:39 |    99 | 46.437 |     63 |      0 |
  15:49:48 |    99 | 46.562 |     63 |      0 |
  15:49:57 |    99 | 46.687 |     63 |      0 |
  15:50:06 |    99 | 46.812 |     63 |      0 |
  15:50:15 |    99 | 47.250 |     63 |      0 |
  15:50:24 |    99 | 47.437 |     63 |      0 |
  15:50:33 |    99 | 47.625 |     63 |      0 |
  15:50:43 |    99 | 47.750 |     63 |      0 |
  15:50:52 |    99 | 47.812 |     63 |      0 |
  15:51:01 |    99 | 47.937 |     63 |      0 |
  15:51:10 |    99 | 48.125 |     63 |      0 |
  15:51:19 |    99 | 48.312 |     63 |      0 |
  15:51:28 |    99 | 48.375 |     63 |      0 |
  15:51:37 |    99 | 48.500 |     63 |      0 |
  15:51:46 |    99 | 48.625 |     63 |      0 |
  15:51:55 |    99 | 48.750 |     63 |      0 |
  15:52:04 |    99 | 48.937 |     63 |      0 |
  15:52:13 |    99 | 49.062 |     63 |      0 |
  15:52:22 |    99 | 49.187 |     63 |      0 |
  15:52:31 |    99 | 49.312 |     63 |      0 |
  15:52:40 |    99 | 49.500 |     63 |      0 |
  15:52:49 |    99 | 49.562 |     63 |      0 |
  15:52:58 |    99 | 49.687 |     63 |      0 |
  15:53:07 |    99 | 49.812 |     63 |      0 |
  15:53:16 |    99 | 49.875 |     63 |      0 |
  15:53:25 |    99 | 50.000 |     63 |      0 |
  15:53:34 |    99 | 50.125 |     63 |      0 |
  15:53:43 |    99 | 50.250 |     63 |      0 |
  15:53:52 |    99 | 50.562 |     63 |      0 |
  15:54:01 |    99 | 50.750 |     63 |      0 |
  15:54:10 |    99 | 50.937 |     63 |      0 |
  15:54:19 |    99 | 51.000 |     63 |      0 |
  15:54:28 |    99 | 51.187 |     63 |      0 |
  15:54:37 |    99 | 51.375 |     63 |      0 |
  15:54:46 |    99 | 51.500 |     63 |      0 |
  15:54:55 |    99 | 51.625 |     63 |      0 |
  15:55:04 |    99 | 51.812 |     63 |      0 |
  15:55:13 |    99 | 51.937 |     63 |      0 |
  15:55:22 |    99 | 52.062 |     63 |      0 |
  15:55:31 |    99 | 52.250 |     63 |      0 |
  15:55:40 |    99 | 52.437 |     63 |      0 |
  15:55:49 |    99 | 52.625 |     63 |      0 |
  15:55:58 |    99 | 52.812 |     63 |      0 |
  15:56:07 |    99 | 53.000 |     63 |      0 |
  15:56:17 |    99 | 53.125 |     63 |      0 |
  15:56:27 |    99 | 53.312 |     63 |      0 |
  15:56:37 |    99 | 53.437 |     63 |      0 |
  15:56:47 |    99 | 53.625 |     63 |      0 |
  15:56:57 |    99 | 53.812 |     63 |      0 |
  15:57:07 |    99 | 53.937 |     63 |      0 |
  15:57:16 |    99 | 54.125 |     63 |      0 |
  15:57:25 |    99 | 54.250 |     63 |      0 |
  15:57:34 |    99 | 54.375 |     63 |      0 |
  15:57:43 |    99 | 54.500 |     63 |      0 |
  15:57:52 |    99 | 54.687 |     63 |      0 |
  15:58:01 |    99 | 54.875 |     63 |      0 |
  15:58:10 |    99 | 54.937 |     63 |      0 |
  15:58:19 |    99 | 55.125 |     63 |      0 |
  15:58:28 |    99 | 55.250 |     63 |      0 |
  15:58:37 |    99 | 55.437 |     63 |      0 |
  15:58:46 |    99 | 55.562 |     63 |      0 |
  15:58:55 |    99 | 55.687 |     63 |      0 |
  15:59:04 |    99 | 55.812 |     63 |      0 |
  15:59:13 |    99 | 55.937 |     63 |      0 |
  15:59:22 |    99 | 56.125 |     63 |      0 |
  15:59:31 |    99 | 56.250 |     63 |      0 |
  15:59:40 |    99 | 56.375 |     63 |      0 |
  15:59:49 |    99 | 56.500 |     63 |      0 |
  15:59:58 |    99 | 56.625 |     63 |      0 |
  16:00:07 |    99 | 56.812 |     63 |      0 |
  16:00:16 |    99 | 57.000 |     63 |      0 |
  16:00:26 |    99 | 57.125 |     63 |      0 |
  16:00:35 |    99 | 57.312 |     63 |      0 |
  16:00:44 |    99 | 57.437 |     63 |      0 |
  16:00:53 |    99 | 57.625 |     63 |      0 |
  16:01:02 |    99 | 57.750 |     63 |      0 |
  16:01:11 |    99 | 57.875 |     63 |      0 |
  16:01:20 |    99 | 58.062 |     63 |      0 |
  16:01:29 |    99 | 58.187 |     63 |      0 |
  16:01:38 |    99 | 58.312 |     63 |      0 |
  16:01:47 |    99 | 58.500 |     63 |      0 |
  16:01:56 |    99 | 58.687 |     63 |      0 |
  16:02:05 |    99 | 58.812 |     63 |      0 |
  16:02:14 |    99 | 59.000 |     63 |      0 |
  16:02:23 |    99 | 59.125 |     63 |      0 |
  16:02:32 |    99 | 59.312 |     63 |      0 |
  16:02:41 |    99 | 59.437 |     63 |      0 |
  16:02:50 |    99 | 59.562 |     63 |      0 |
  16:02:59 |    99 | 59.625 |     63 |      0 |
  16:03:08 |    99 | 59.750 |     63 |      0 |
  16:03:18 |    99 | 59.937 |     63 |      0 |
  16:03:27 |    99 | 60.125 |     63 |      0 |
  16:03:36 |    99 | 60.250 |     63 |      0 |
  16:03:45 |    99 | 60.437 |     63 |      0 |
  16:03:54 |    99 | 60.562 |     63 |      0 |
  16:04:03 |    99 | 60.687 |     63 |      0 |
  16:04:12 |    99 | 60.812 |     63 |      0 |
  16:04:21 |    99 | 61.000 |     63 |      0 |
  16:04:30 |    99 | 61.125 |     63 |      0 |
  16:04:39 |    99 | 61.250 |     63 |      0 |
  16:04:49 |    99 | 61.375 |     63 |      0 |
  16:04:59 |    99 | 61.562 |     63 |      0 |
  16:05:09 |    99 | 61.687 |     63 |      0 |
  16:05:19 |    99 | 61.875 |     63 |      0 |
  16:05:29 |    99 | 62.000 |     63 |      0 |
  16:05:39 |    99 | 62.187 |     63 |      0 |
  16:05:48 |    99 | 62.312 |     63 |      0 |
  16:05:57 |    99 | 62.500 |     63 |      0 |
  16:06:06 |98.969 | 62.625 |     63 |      0 |
  16:06:16 |98.962 | 62.812 |     63 |      0 |
  16:06:25 |98.834 | 62.875 |     63 |      0 |
  16:06:34 |98.809 | 63.000 |     63 |      0 |
  16:06:43 |98.684 | 63.187 |     63 |      0 |
  16:06:52 |98.444 | 63.375 |     63 |      0 |
  16:07:01 |98.169 | 63.437 |     63 |      0 |
  16:07:10 |98.053 | 63.562 |     63 |      0 |
  16:07:19 |97.958 | 63.750 |     63 |      0 |
  16:07:29 |    99 | 63.875 |     63 |      0 |
  16:07:39 |98.901 | 64.000 |     63 |      0 |
  16:07:48 |98.569 | 64.062 |     63 |      0 |
  16:07:57 |98.158 | 64.250 |     63 |      0 |
  16:08:06 |97.476 | 64.312 |     63 |      0 |
  16:08:15 |96.801 | 64.500 |     63 |      0 |
  16:08:25 |95.853 | 64.625 |     63 |      0 |
  16:08:35 |94.823 | 64.750 |     63 |      0 |
  16:08:45 |93.653 | 64.875 |     63 |      0 |
  16:08:55 |92.346 | 65.000 |     63 |      0 |
  16:09:05 |90.906 | 65.125 |     63 |      0 |
  16:09:15 |89.351 | 65.250 |     63 |      0 |
  16:09:25 |87.686 | 65.250 |     63 |      0 |
  16:09:34 |86.127 | 65.312 |     63 |      0 |
  16:09:44 |84.473 | 63.875 |     63 |      0 |
  16:09:53 |85.309 | 61.437 |     63 |      0 |
  16:10:02 |88.667 | 61.937 |     63 |      0 |
  16:10:11 |88.566 | 61.000 |     63 |      0 |
  16:10:20 |90.191 | 60.312 |     63 |      0 |
  16:10:29 |91.233 | 59.812 |     63 |      0 |
  16:10:38 |90.678 | 59.437 |     63 |      0 |
  16:10:47 |    99 | 59.187 |     63 |      0 |
  16:10:56 |    99 | 59.000 |     63 |      0 |
  16:11:05 |    99 | 58.812 |     63 |      0 |
  16:11:14 |    99 | 58.625 |     63 |      0 |
  16:11:23 |    99 | 58.500 |     63 |      0 |
  16:11:32 |    99 | 58.375 |     63 |      0 |
  16:11:41 |    99 | 58.250 |     63 |      0 |
  16:11:50 |    99 | 58.187 |     63 |      0 |
  16:11:59 |    99 | 58.187 |     63 |      0 |
  16:12:08 |    99 | 58.125 |     63 |      0 |
  16:12:17 |    99 | 58.125 |     63 |      0 |
  16:12:26 |    99 | 58.125 |     63 |      0 |
  16:12:35 |    99 | 58.187 |     63 |      0 |
  16:12:44 |    99 | 58.250 |     63 |      0 |
  16:12:53 |    99 | 58.250 |     63 |      0 |
  16:13:02 |    99 | 58.187 |     63 |      0 |
  16:13:11 |    99 | 58.125 |     63 |      0 |
  16:13:20 |    99 | 58.062 |     63 |      0 |
  16:13:29 |    99 | 58.125 |     63 |      0 |
  16:13:38 |    99 | 58.250 |     63 |      0 |
  16:13:47 |    99 | 58.250 |     63 |      0 |
  16:13:56 |    99 | 58.375 |     63 |      0 |
  16:14:05 |    99 | 58.562 |     63 |      0 |
  16:14:14 |    99 | 58.750 |     63 |      0 |
  16:14:23 |    99 | 58.812 |     63 |      0 |
  16:14:32 |    99 | 59.062 |     63 |      0 |
  16:14:41 |    99 | 59.125 |     63 |      0 |
  16:14:50 |    99 | 59.250 |     63 |      0 |
  16:14:59 |    99 | 59.250 |     63 |      0 |
  16:15:08 |    99 | 59.375 |     63 |      0 |
  16:15:17 |    99 | 59.250 |     63 |      0 |
  16:15:26 |    99 | 59.312 |     63 |      0 |
  16:15:35 |    99 | 59.250 |     63 |      0 |
  16:15:44 |    99 | 59.250 |     63 |      0 |
  16:15:53 |    99 | 59.250 |     63 |      0 |
  16:16:02 |    99 | 59.125 |     63 |      0 |
  16:16:11 |    99 | 58.875 |     63 |      0 |
  16:16:20 |    99 | 58.625 |     63 |      0 |
  16:16:29 |    99 | 58.562 |     63 |      0 |
  16:16:38 |    99 | 58.437 |     63 |      0 |
  16:16:47 |    99 | 58.437 |     63 |      0 |
  16:16:56 |    99 | 58.562 |     63 |      0 |
  16:17:05 |    99 | 58.750 |     63 |      0 |
  16:17:14 |    99 | 58.875 |     63 |      0 |
  16:17:23 |    99 | 59.062 |     63 |      0 |
  16:17:32 |    99 | 59.437 |     63 |      0 |
  16:17:41 |    99 | 59.625 |     63 |      0 |
  16:17:50 |    99 | 59.500 |     63 |      0 |
  16:17:59 |    99 | 59.562 |     63 |      0 |
  16:18:08 |    99 | 59.500 |     63 |      0 |
  16:18:17 |    99 | 59.312 |     63 |      0 |
  16:18:26 |    99 | 59.250 |     63 |      0 |
  16:18:35 |    99 | 59.375 |     63 |      0 |
  16:18:44 |    99 | 59.437 |     63 |      0 |
  16:18:53 |    99 | 59.437 |     63 |      0 |
  16:19:02 |    99 | 59.625 |     63 |      0 |
  16:19:11 |    99 | 59.562 |     63 |      0 |
  16:19:20 |    99 | 59.875 |     63 |      0 |
  16:19:29 |    99 | 61.125 |     63 |      0 |
  16:19:38 |98.320 | 60.625 |     63 |      0 |
  16:19:47 |    99 | 60.312 |     63 |      0 |
  16:19:56 |    99 | 60.437 |     63 |      0 |
  16:20:05 |    99 | 60.250 |     63 |      0 |
  16:20:14 |    99 | 60.062 |     63 |      0 |
  16:20:23 |    99 | 59.875 |     63 |      0 |
  16:20:32 |    99 | 59.750 |     63 |      0 |
  16:20:41 |    99 | 59.562 |     63 |      0 |
  16:20:50 |    99 | 59.375 |     63 |      0 |
  16:20:59 |    99 | 59.250 |     63 |      0 |
  16:21:08 |    99 | 59.187 |     63 |      0 |
  16:21:17 |    99 | 59.187 |     63 |      0 |
  16:21:26 |    99 | 59.187 |     63 |      0 |
  16:21:35 |    99 | 59.187 |     63 |      0 |
  16:21:45 |    99 | 59.250 |     63 |      0 |
  16:21:55 |    99 | 59.312 |     63 |      0 |
  16:22:04 |    99 | 59.312 |     63 |      0 |
  16:22:13 |    99 | 59.375 |     63 |      0 |
  16:22:22 |    99 | 59.437 |     63 |      0 |
  16:22:31 |    99 | 59.500 |     63 |      0 |
  16:22:40 |    99 | 59.625 |     63 |      0 |
  16:22:49 |    99 | 59.687 |     63 |      0 |
  16:22:58 |    99 | 59.750 |     63 |      0 |
  16:23:07 |    99 | 59.812 |     63 |      0 |
  16:23:16 |    99 | 59.937 |     63 |      0 |
  16:23:26 |    99 | 60.125 |     63 |      0 |
  16:23:35 |    99 | 60.250 |     63 |      0 |
  16:23:44 |    99 | 60.375 |     63 |      0 |
  16:23:53 |    99 | 60.437 |     63 |      0 |
  16:24:02 |    99 | 60.562 |     63 |      0 |
  16:24:11 |    99 | 60.625 |     63 |      0 |
  16:24:20 |    99 | 60.625 |     63 |      0 |
  16:24:29 |    99 | 60.812 |     63 |      0 |
  16:24:38 |    99 | 60.875 |     63 |      0 |
  16:24:47 |    99 | 61.062 |     63 |      0 |
  16:24:56 |    99 | 61.000 |     63 |      0 |
  16:25:05 |    99 | 61.187 |     63 |      0 |
  16:25:14 |    99 | 61.187 |     63 |      0 |
  16:25:23 |    99 | 61.187 |     63 |      0 |
  16:25:32 |    99 | 61.125 |     63 |      0 |
  16:25:41 |    99 | 61.250 |     63 |      0 |
  16:25:50 |    99 | 61.437 |     63 |      0 |
  16:25:59 |    99 | 61.562 |     63 |      0 |
  16:26:08 |    99 | 61.687 |     63 |      0 |
  16:26:17 |    99 | 61.812 |     63 |      0 |
  16:26:26 |    99 | 61.875 |     63 |      0 |
  16:26:35 |    99 | 62.062 |     63 |      0 |
  16:26:44 |    99 | 62.187 |     63 |      0 |
  16:26:53 |    99 | 62.375 |     63 |      0 |
  16:27:02 |    99 | 62.375 |     63 |      0 |
  16:27:11 |    99 | 62.500 |     63 |      0 |
  16:27:20 |    99 | 62.625 |     63 |      0 |
  16:27:29 |98.994 | 62.812 |     63 |      0 |
  16:27:38 |98.866 | 62.875 |     63 |      0 |
  16:27:47 |98.841 | 62.812 |     63 |      0 |
  16:27:56 |98.960 | 63.000 |     63 |      0 |
  16:28:05 |98.772 | 63.062 |     63 |      0 |
  16:28:14 |98.693 | 63.062 |     63 |      0 |
  16:28:23 |98.677 | 63.125 |     63 |      0 |
  16:28:32 |98.584 | 63.125 |     63 |      0 |
  16:28:41 |98.562 | 63.250 |     63 |      0 |
  16:28:50 |98.413 | 63.312 |     63 |      0 |
  16:29:00 |98.650 | 63.250 |     63 |      0 |
  16:29:09 |98.600 | 63.312 |     63 |      0 |
  16:29:18 |98.408 | 63.375 |     63 |      0 |
  16:29:27 |98.157 | 63.562 |     63 |      0 |
  16:29:36 |97.665 | 63.625 |     63 |      0 |
  16:29:45 |97.195 | 63.687 |     63 |      0 |
  16:29:54 |96.653 | 63.937 |     63 |      0 |
  16:30:03 |95.720 | 63.875 |     63 |      0 |
  16:30:12 |95.080 | 64.062 |     63 |      0 |
  16:30:21 |94.053 | 64.125 |     63 |      0 |
  16:30:30 |93.059 | 64.125 |     63 |      0 |
  16:30:39 |92.123 | 64.375 |     63 |      0 |
  16:30:48 |90.755 | 64.375 |     63 |      0 |
  16:30:57 |89.622 | 64.937 |     63 |      0 |
  16:31:06 |87.507 | 65.250 |     63 |      0 |
  16:31:15 |85.297 | 64.937 |     63 |      0 |
  16:31:25 |83.948 | 64.687 |     63 |      0 |
  16:31:34 |82.820 | 64.500 |     63 |      0 |
  16:31:43 |81.835 | 64.312 |     63 |      0 |
  16:31:52 |81.052 | 64.125 |     63 |      0 |
  16:32:01 |80.450 | 64.000 |     63 |      0 |
  16:32:11 |79.917 | 63.875 |     63 |      0 |
  16:32:21 |79.503 | 63.812 |     63 |      0 |
  16:32:31 |79.097 | 63.812 |     63 |      0 |
  16:32:41 |78.656 | 63.812 |     63 |      0 |
  16:32:51 |78.228 | 63.812 |     63 |      0 |
  16:33:00 |77.800 | 63.812 |     63 |      0 |
  16:33:09 |77.369 | 63.875 |     63 |      0 |
  16:33:18 |76.836 | 63.937 |     63 |      0 |
  16:33:27 |76.254 | 64.000 |     63 |      0 |
  16:33:36 |75.615 | 64.000 |     63 |      0 |
  16:33:45 |75.018 | 64.000 |     63 |      0 |
  16:33:54 |74.409 | 64.062 |     63 |      0 |
  16:34:03 |73.692 | 64.000 |     63 |      0 |
  16:34:12 |73.126 | 63.937 |     63 |      0 |
  16:34:21 |72.605 | 63.625 |     63 |      0 |
  16:34:30 |72.533 | 63.312 |     63 |      0 |
  16:34:39 |72.668 | 63.250 |     63 |      0 |
  16:34:48 |72.602 | 63.312 |     63 |      0 |
  16:34:57 |72.388 | 63.187 |     63 |      0 |
  16:35:06 |72.425 | 63.125 |     63 |      0 |
  16:35:15 |72.433 | 63.187 |     63 |      0 |
  16:35:24 |72.295 | 63.375 |     63 |      0 |
  16:35:33 |71.954 | 64.187 |     63 |      0 |
  16:35:42 |70.597 | 64.437 |     63 |      0 |
  16:35:51 |69.339 | 64.562 |     63 |      0 |
  16:36:01 |67.886 | 64.750 |     63 |      0 |
  16:36:10 |66.061 | 64.812 |     63 |      0 |
  16:36:19 |64.231 | 64.937 |     63 |      0 |
  16:36:28 |62.219 | 64.812 |     63 |      0 |
  16:36:37 |60.585 | 64.875 |     63 |      0 |
  16:36:47 |58.793 | 64.875 |     63 |      0 |
  16:36:57 |57.145 | 64.812 |     63 |      0 |
  16:37:06 |55.707 | 64.625 |     63 |      0 |
  16:37:15 |54.634 | 64.375 |     63 |      0 |
  16:37:24 |53.874 | 64.187 |     63 |      0 |
  16:37:33 |53.243 | 64.000 |     65 |      0 |
  16:37:43 |54.079 | 63.687 |     65 |      0 |
  16:37:52 |55.138 | 63.750 |     65 |      0 |
  16:38:01 |55.647 | 63.687 |     65 |      0 |
  16:38:10 |56.185 | 63.500 |     65 |      0 |
  16:38:19 |56.644 | 63.375 |     65 |      0 |
  16:38:28 |55.767 | 63.437 |     65 |      0 |
  16:38:37 |56.754 | 63.812 |     65 |      0 |
  16:38:46 |57.119 | 63.812 |     65 |      0 |
  16:38:55 |57.757 | 63.375 |     65 |      0 |
  16:39:04 |59.025 | 63.312 |     65 |      0 |
  16:39:14 |59.975 | 63.250 |     65 |      0 |
  16:39:23 |60.985 | 63.312 |     65 |      0 |
  16:39:32 |61.875 | 63.187 |     65 |      0 |
  16:39:41 |63.043 | 62.937 |     63 |      0 |
  16:39:51 |63.330 | 62.750 |     63 |      0 |
  16:40:01 |63.666 | 62.562 |     63 |      0 |
  16:40:10 |64.113 | 62.562 |     63 |      0 |
  16:40:19 |64.372 | 62.687 |     63 |      0 |
  16:40:28 |64.424 | 63.125 |     63 |      0 |
  16:40:37 |63.921 | 63.125 |     63 |      0 |
  16:40:46 |63.866 | 63.125 |     63 |      0 |
  16:40:55 |63.816 | 62.937 |     63 |      0 |
  16:41:04 |64.027 | 63.062 |     63 |      0 |
  16:41:13 |63.879 | 63.125 |     63 |      0 |
  16:41:22 |63.781 | 62.937 |     63 |      0 |
  16:41:31 |63.977 | 62.875 |     63 |      0 |
  16:41:40 |64.074 | 63.312 |     63 |      0 |
  16:41:49 |63.490 | 63.000 |     63 |      0 |
  16:41:58 |63.802 | 62.812 |     63 |      0 |
  16:42:07 |64.070 | 63.062 |     63 |      0 |
  16:42:17 |63.838 | 63.437 |     63 |      0 |
  16:42:27 |63.251 | 63.312 |     63 |      0 |
  16:42:36 |62.951 | 62.937 |     63 |      0 |
  16:42:45 |63.398 | 62.875 |     63 |      0 |
  16:42:54 |63.542 | 63.062 |     63 |      0 |
  16:43:03 |63.325 | 63.000 |     63 |      0 |
  16:43:13 |63.387 | 63.062 |     63 |      0 |
  16:43:23 |63.296 | 62.937 |     63 |      0 |
  16:43:33 |63.463 | 62.937 |     63 |      0 |
  16:43:43 |63.483 | 63.250 |     63 |      0 |
  16:43:53 |63.123 | 64.000 |     63 |      0 |
  16:44:03 |61.793 | 63.937 |     63 |      0 |
  16:44:13 |60.599 | 63.687 |     63 |      0 |
  16:44:22 |59.812 | 63.562 |     63 |      0 |
  16:44:31 |59.182 | 63.500 |     63 |      0 |
  16:44:40 |58.646 | 63.687 |     63 |      0 |
  16:44:49 |57.692 | 64.125 |     63 |      0 |
  16:44:58 |56.035 | 64.187 |     63 |      0 |
  16:45:07 |54.660 | 64.687 |     63 |      0 |

           |       | T boil | T boil |    jar |amt coll |
      Time |   PWM |    (C) | tgt(C) |      # |   (ml) |
----------------------------------------------------------
  17:43:35 |    35 | 55.812 |   60.0 |      0 |
  17:43:45 |40.584 | 55.750 |   60.0 |      0 |
  17:43:55 |42.628 | 55.687 |   60.0 |      0 |
  17:44:05 |44.622 | 55.687 |   60.0 |      0 |
  17:44:15 |46.588 | 55.750 |   60.0 |      0 |
  17:44:24 |48.526 | 55.687 |   60.0 |      0 |
  17:44:33 |50.698 | 55.750 |   60.0 |      0 |
  17:44:42 |52.817 | 55.750 |   60.0 |      0 |
  17:44:51 |55.102 | 55.812 |   60.0 |      0 |
  17:45:00 |57.410 | 55.812 |   60.0 |      0 |
  17:45:09 |59.900 | 55.875 |   60.0 |      0 |
  17:45:18 |62.183 | 55.875 |   60.0 |      0 |
  17:45:27 |64.543 | 55.937 |   60.0 |      0 |
  17:45:36 |66.824 | 55.937 |   60.0 |      0 |
  17:45:45 |69.179 | 56.000 |   60.0 |      0 |
  17:45:54 |71.449 | 56.062 |   60.0 |      0 |
  17:46:03 |73.688 | 56.250 |   60.0 |      0 |
  17:46:12 |75.694 | 56.312 |   60.0 |      0 |
  17:46:21 |77.776 | 56.375 |   60.0 |      0 |
  17:46:30 |79.816 | 56.500 |   60.0 |      0 |
  17:46:39 |81.716 | 56.437 |   60.0 |      0 |
  17:46:48 |83.830 | 56.625 |   60.0 |      0 |
  17:46:57 |85.593 | 56.625 |   60.0 |      0 |
  17:47:06 |87.530 | 56.687 |   60.0 |      0 |
  17:47:15 |89.371 | 56.875 |   60.0 |      0 |
  17:47:24 |90.978 | 57.062 |   60.0 |      0 |
  17:47:33 |92.468 | 57.125 |   60.0 |      0 |
  17:47:42 |94.033 | 57.250 |   60.0 |      0 |
  17:47:51 |95.460 | 57.312 |   60.0 |      0 |
  17:48:00 |96.905 | 57.562 |   60.0 |      0 |
  17:48:09 |98.017 | 57.687 |   60.0 |      0 |
  17:48:18 |    99 | 57.375 |   60.0 |      0 |
  17:48:27 |    99 | 57.625 |   60.0 |      0 |
  17:48:36 |    99 | 57.812 |   60.0 |      0 |
  17:48:45 |    99 | 57.812 |   60.0 |      0 |
  17:48:54 |    99 | 58.062 |   60.0 |      0 |
  17:49:03 |    99 | 58.187 |   60.0 |      0 |
  17:49:12 |    99 | 58.125 |   60.0 |      0 |
  17:49:21 |    99 | 58.375 |   60.0 |      0 |
  17:49:30 |    99 | 58.500 |   60.0 |      0 |
  17:49:39 |    99 | 58.812 |   60.0 |      0 |
  17:49:48 |    99 | 59.125 |   60.0 |      0 |
  17:49:57 |98.948 | 59.312 |   60.0 |      0 |
  17:50:06 |98.969 | 59.250 |   60.0 |      0 |
  17:50:15 |    99 | 59.500 |   60.0 |      0 |
  17:50:24 |98.905 | 59.562 |   60.0 |      0 |
  17:50:33 |98.978 | 59.812 |   60.0 |      0 |
  17:50:42 |98.787 | 59.937 |   60.0 |      0 |
  17:50:51 |98.681 | 60.000 |   60.0 |      0 |
  17:51:00 |98.618 | 60.187 |   60.0 |      0 |
  17:51:09 |98.379 | 60.312 |   60.0 |      0 |
  17:51:18 |98.183 | 60.437 |   60.0 |      0 |
  17:51:27 |97.998 | 60.625 |   60.0 |      0 |
  17:51:36 |97.852 | 60.812 |   60.0 |      0 |
  17:51:45 |98.957 | 60.937 |   60.0 |      0 |
  17:51:54 |98.856 | 61.125 |   60.0 |      0 |
  17:52:03 |98.433 | 61.187 |   60.0 |      0 |
  17:52:12 |97.965 | 61.312 |   60.0 |      0 |
  17:52:21 |97.303 | 61.375 |   60.0 |      0 |
  17:52:30 |96.594 | 61.437 |   60.0 |      0 |
  17:52:39 |95.801 | 61.562 |   60.0 |      0 |
  17:52:48 |94.831 | 61.687 |   60.0 |      0 |
  17:52:57 |93.734 | 61.750 |   60.0 |      0 |
  17:53:06 |92.610 | 61.875 |   60.0 |      0 |
  17:53:15 |91.306 | 61.625 |   60.0 |      0 |
  17:53:24 |90.509 | 61.750 |   60.0 |      0 |
  17:53:33 |89.286 | 61.812 |   60.0 |      0 |
  17:53:42 |88.072 | 61.500 |   60.0 |      0 |
  17:53:51 |87.427 | 61.687 |   60.0 |      0 |
  17:54:00 |86.205 | 61.812 |   60.0 |      0 |
  17:54:09 |84.958 | 62.062 |   60.0 |      0 |
  17:54:18 |83.425 | 62.250 |   60.0 |      0 |
  17:54:28 |81.805 | 62.500 |   60.0 |      0 |
  17:54:37 |79.928 | 62.687 |   60.0 |      0 |
  17:54:46 |77.940 | 62.812 |   60.0 |      0 |
  17:54:55 |75.876 | 62.937 |   60.0 |      0 |
  17:55:04 |73.701 | 63.062 |   60.0 |      0 |
  17:55:13 |71.413 | 63.062 |   60.0 |      0 |
  17:55:22 |69.230 | 62.562 |   60.0 |      0 |
  17:55:31 |67.927 | 62.562 |   60.0 |      0 |
  17:55:40 |66.208 | 62.562 |   60.0 |      0 |
  17:55:49 |64.529 | 62.500 |   60.0 |      0 |
  17:55:58 |62.987 | 62.312 |   60.0 |      0 |
  17:56:07 |61.728 | 62.312 |   60.0 |      0 |
  17:56:16 |60.324 | 62.125 |     63 |      0 |
  17:56:25 |61.033 | 62.125 |     63 |      0 |
  17:56:34 |61.509 | 62.187 |     63 |      0 |
  17:56:43 |61.852 | 62.000 |     63 |      0 |
  17:56:52 |62.494 | 61.937 |     63 |      0 |
  17:57:01 |62.964 | 62.000 |     63 |      0 |
  17:57:10 |63.182 | 62.187 |     63 |      0 |
  17:57:19 |63.082 | 62.437 |     63 |      0 |
  17:57:28 |62.219 | 62.625 |     63 |      0 |
  17:57:37 |62.184 | 62.750 |     63 |      0 |
  17:57:46 |62.146 | 62.937 |     63 |      0 |
  17:57:55 |61.980 | 62.437 |     63 |      0 |
  17:58:04 |62.636 | 62.250 |     63 |      0 |
  17:58:13 |63.091 | 62.000 |     63 |      0 |
  17:58:22 |63.750 | 62.312 |     63 |      0 |
  17:58:31 |63.776 | 62.125 |     63 |      0 |
  17:58:40 |64.394 | 62.562 |     63 |      0 |
  17:58:49 |64.211 | 62.937 |     63 |      0 |
  17:58:58 |63.870 | 62.875 |     63 |      0 |
  17:59:07 |63.989 | 62.875 |     63 |      0 |
  17:59:16 |64.045 | 63.125 |     63 |      0 |
  17:59:25 |63.742 | 63.125 |     63 |      0 |
  17:59:34 |63.701 | 63.187 |     63 |      0 |
  17:59:43 |63.584 | 62.937 |     65 |      0 |
  17:59:53 |64.290 | 63.062 |     65 |      0 |
  18:00:02 |64.973 | 63.125 |     65 |      0 |
  18:00:11 |65.857 | 63.375 |     65 |      0 |
  18:00:20 |66.576 | 63.437 |     65 |      0 |
  18:00:29 |67.483 | 63.250 |     65 |      0 |
