Time,Tamb,Tparrot,wt56 unadj,wt56 adj,wt2425 unadj,wt2425 adj
2024/06/18 09:28:50,24.437,21.875,0.07068892018630481,0.2844389201863048,-0.018081993622083386,-0.1255819936220834
2024/06/18 09:29:52,24.437,21.937,98.68658907073751,98.90033907073752,0.011506723213896492,-0.0959932767861035
2024/06/18 09:30:55,24.437,21.937,98.64530889978904,98.85905889978905,0.013972449616894816,-0.09352755038310519
2024/06/18 09:31:57,24.5,21.937,-0.06529281940866387,0.2561871805913341,99.06466778446254,98.90298778446254
2024/06/18 09:33:00,24.5,21.937,-0.11142948105695681,0.21005051894304116,99.07206496367154,98.91038496367153
2024/06/18 09:34:02,24.562,21.937,-0.09686000895749589,0.3306399910425041,99.11398231252251,98.8989823125225
2024/06/18 09:35:05,24.437,22.0,-0.1284271985063279,0.0853228014936721,0.12739586415481768,0.019895864154817686
2024/06/18 09:36:07,24.562,22.0,-0.11871421710668728,0.3087857828933127,0.08547851530384619,-0.12952148469615382
2024/06/18 09:37:09,24.562,22.0,-0.21098754040327317,0.21651245959672683,0.12246441134882104,-0.09253558865117896
2024/06/18 09:38:12,24.625,22.0,-0.23769823925228487,0.29753176074771315,0.16684748660279086,-0.10233251339720811
2024/06/18 09:39:14,24.562,22.0,-0.26440893810129656,0.16309106189870343,0.15451885458779924,-0.06048114541220076
2024/06/18 09:40:17,24.562,22.0,-0.26440893810129656,0.16309106189870343,0.17671039221478416,-0.03828960778521584
2024/06/18 09:41:19,24.562,22.0,-0.3154020904494098,0.11209790955059018,0.13479304336381265,-0.08020695663618735
2024/06/18 09:42:21,24.562,22.0,-0.33725629859860123,0.09024370140139876,0.2334220994837456,0.018422099483745596
2024/06/18 09:43:24,24.5,22.0,-0.3785364695470739,-0.05705646954707588,0.12739586415481768,-0.03428413584518131
2024/06/18 09:44:26,24.562,22.0,-0.32268682649914027,0.10481317350085972,0.16684748660279086,-0.048152513397209135
2024/06/18 09:45:29,24.562,22.0,-0.35668226139788245,0.07081773860211754,0.17671039221478416,-0.03828960778521584
2024/06/18 09:46:31,24.562,22.0,-0.3761082241971637,0.05139177580283627,0.16438176019979253,-0.050618239800207465
2024/06/18 09:47:34,24.625,22.0,-0.41253190444581606,0.12269809555418193,0.2235591938717523,-0.04562080612824668
2024/06/18 09:48:36,24.625,22.0,-0.41010365909590585,0.12512634090409214,0.1791761186177825,-0.09000388138221649
2024/06/18 09:49:39,24.562,22.0,-0.5339441719413238,-0.10644417194132383,0.23588782588674392,0.020887825886743927
2024/06/18 09:50:41,24.625,22.0,-0.47566628354348006,0.05956371645651792,0.33451688200667684,0.06533688200667787
2024/06/18 09:51:44,24.562,22.062,-0.5120899637921323,-0.08458996379213235,0.20876483545376234,-0.006235164546237654
2024/06/18 09:52:46,24.562,22.0,-0.45381207539428864,-0.026312075394288648,0.29506525955870366,0.08006525955870367
2024/06/18 09:53:49,24.687,22.0,-0.507233473092312,0.13401652690768795,0.2852023539467104,-0.03729764605328961
2024/06/18 09:54:51,24.687,22.0,-0.4780945288933902,0.16315547110660977,0.27287372193171877,-0.04962627806828124
2024/06/18 09:55:53,24.625,22.062,-0.6067915324386284,-0.07156153243863039,0.2852023539467104,0.01602235394671142
2024/06/18 09:56:56,24.687,22.0,-0.5460853986908746,0.09516460130912541,0.213696288259759,-0.108803711740241
2024/06/18 09:57:58,24.687,22.0,-0.5169464544919526,0.12430354550804734,0.2704079955287204,-0.052092004471279596
2024/06/18 09:59:01,24.687,22.0,-0.584937324289437,0.056312675710562976,0.3073938915736953,-0.01510610842630472
2024/06/18 10:00:03,24.75,22.062,-0.5825090789395269,0.16647092106047112,0.2654765427227238,-0.11120345727727521
2024/06/18 10:01:05,24.75,22.062,-0.5995067963888979,0.14947320361110006,0.290133806752707,-0.08654619324729201
2024/06/18 10:02:08,24.812,22.062,-0.6359304766375503,0.21906952336244967,0.2556136371107305,-0.1743863628892695
2024/06/18 10:03:10,24.812,22.062,-0.6747824022361127,0.18021759776388724,0.2852023539467104,-0.1447976460532896
2024/06/18 10:04:13,24.75,22.062,-0.63107398593773,0.11790601406226797,0.28273662754371204,-0.09394337245628698
2024/06/18 10:05:15,24.812,22.062,-0.7233473092343159,0.1316526907656841,0.31479107078269025,-0.11520892921730974
2024/06/18 10:06:18,24.812,22.062,-0.7452015173835073,0.10979848261649272,0.3221882499916852,-0.10781175000831478
2024/06/18 10:07:20,24.812,22.062,-0.7184908185344956,0.1365091814655044,0.25807936351372884,-0.17192063648627115
2024/06/18 10:08:23,24.875,22.062,-0.7816251976321595,0.18110480236783844,0.3419140612156718,-0.1422659387843272
2024/06/18 10:09:25,24.875,22.062,-0.7039213464350347,0.2588086535649633,0.27287372193171877,-0.21130627806828023
2024/06/18 10:10:27,24.875,22.125,-0.7986229150815307,0.16410708491846726,0.36903705164865336,-0.11514294835134564
2024/06/18 10:11:30,24.937,22.125,-0.835046595330183,0.2337034046698171,0.33205115560367854,-0.20544884439632144
2024/06/18 10:12:32,24.937,22.125,-0.8544725581294642,0.21427744187053588,0.3764342308576483,-0.16106576914235166
2024/06/18 10:13:35,24.937,22.125,-0.8738985209287454,0.19485147907125466,0.34437978761867016,-0.19312021238132981
2024/06/18 10:14:37,24.937,22.125,-0.8957527290779369,0.17299727092206318,0.41835157970861986,-0.11914842029138012
2024/06/18 10:15:39,25.0,22.125,-0.8908962383781166,0.28558376162188137,0.3221882499916852,-0.26949175000831377
2024/06/18 10:16:42,25.0,22.125,-0.9248916732768587,0.25158832672313924,0.3936943156786366,-0.19798568432136238
2024/06/18 10:17:44,25.0,22.125,-0.9248916732768587,0.25158832672313924,0.36657132524565506,-0.22510867475434393
2024/06/18 10:18:47,25.062,22.187,-0.9540306174757806,0.3284693825242194,0.304928165170697,-0.34007183482930303
2024/06/18 10:19:49,25.062,22.187,-0.9540306174757806,0.3284693825242194,0.457803202156593,-0.18719679784340704
2024/06/18 10:20:52,25.062,22.187,-0.9661718442253313,0.31632815577466866,0.381365683663645,-0.26363431633635503
2024/06/18 10:21:54,25.062,22.187,-1.0608734128718273,0.22162658712817263,0.4158858533056215,-0.22911414669437852
2024/06/18 10:22:57,25.125,22.187,-0.9783130709748822,0.4119169290251159,0.4134201269026232,-0.2857598730973758
2024/06/18 10:23:59,25.062,22.25,-1.0365909593727258,0.24590904062727414,0.4676661077685863,-0.17733389223141371
2024/06/18 10:25:02,25.125,22.25,-1.1215795466195813,0.2686504533804168,0.49478909820156786,-0.20439090179843117
2024/06/18 10:26:04,25.125,22.25,-1.0754428849712883,0.3147871150287098,0.4701318341715846,-0.22904816582841442
2024/06/18 10:27:06,25.187,22.25,-1.162859717568054,0.3333902824319459,0.48246046618657623,-0.2700395338134237
2024/06/18 10:28:09,25.125,22.25,-1.1215795466195813,0.2686504533804168,0.519446362231551,-0.17973363776844797
2024/06/18 10:29:11,25.187,22.312,-1.1944269071168858,0.30182309288311404,0.47999473978357793,-0.272505260216422
2024/06/18 10:30:14,25.187,22.312,-1.225994096665718,0.27025590333428195,0.49725482460456616,-0.2552451753954338
2024/06/18 10:31:16,25.187,22.312,-1.2041398885165266,0.2921101114834732,0.44054311733560475,-0.3119568826643952
2024/06/18 10:32:18,25.25,22.312,-1.2502765501648194,0.35370344983517854,0.4873919189925729,-0.31928808100742606
2024/06/18 10:33:21,25.25,22.375,-1.2041398885165266,0.3998401114834713,0.47506328697758127,-0.3316167130224177
2024/06/18 10:34:23,25.25,22.312,-1.3571193455608663,0.24686065443913163,0.5071177302165595,-0.29956226978343947
2024/06/18 10:35:26,25.25,22.375,-1.320695665312214,0.283284334687784,0.5095834566195578,-0.2970965433804411
2024/06/18 10:36:28,25.312,22.375,-1.3134109292624836,0.39658907073751637,0.5046520038135611,-0.35534799618643886
2024/06/18 10:37:30,25.25,22.375,-1.4858163491061045,0.11816365089389347,0.47752901338057957,-0.3291509866194194
2024/06/18 10:38:33,25.25,22.375,-1.4251102153583506,0.17886978464164738,0.5934181543215008,-0.21326184567849815
2024/06/18 10:39:35,25.312,22.375,-1.41539723395871,0.29460276604129,0.5095834566195578,-0.35041654338044215
2024/06/18 10:40:38,25.312,22.437,-1.4445361781576318,0.26546382184236816,0.6353355031724723,-0.22466449682752765
2024/06/18 10:41:40,25.375,22.437,-1.4445361781576318,0.37319382184236627,0.5909524279185024,-0.32322757208149655
2024/06/18 10:42:42,25.375,22.437,-1.4396796874578115,0.3780503125421866,0.541637899858536,-0.37254210014146294
2024/06/18 10:43:45,25.375,22.437,-1.4833881037561945,0.3343418962438036,0.5613637110825226,-0.3528162889174764
2024/06/18 10:44:47,25.375,22.437,-1.4712468770066436,0.3464831229933545,0.534240720649541,-0.379939279350458
2024/06/18 10:45:50,25.437,22.5,-1.5853744084524208,0.33837559154757924,0.5662951638885192,-0.40120483611148083
2024/06/18 10:46:52,25.375,22.5,-1.5489507282037684,0.2687792717962296,0.625472597560479,-0.28870740243952
2024/06/18 10:47:54,25.375,22.5,-1.57080493635296,0.24692506364703815,0.632869776769474,-0.281310223230525
2024/06/18 10:48:57,25.5,22.5,-1.5805179177526005,0.4509620822473974,0.7487589177103952,-0.2729210822896039
2024/06/18 10:49:59,25.5,22.562,-1.602372125901792,0.42910787409820594,0.7117730216654203,-0.3099069783345787
2024/06/18 10:51:02,25.5,22.562,-1.711643166647749,0.319836833352249,0.6476641351874639,-0.3740158648125351
2024/06/18 10:52:05,25.5,22.562,-1.650937032899995,0.3805429671000029,0.6550613143964589,-0.36661868560354016
2024/06/18 10:53:07,25.5,22.562,-1.7237843933972996,0.30769560660269835,0.6156096919484857,-0.40607030805151334
2024/06/18 10:54:09,25.562,22.625,-1.7262126387472099,0.4112873612527903,0.625472597560479,-0.44952740243952094
2024/06/18 10:55:12,25.625,22.625,-1.7820622817951435,0.4631677182048546,0.6821843048294405,-0.4469956951705585
2024/06/18 10:56:14,25.625,22.625,-1.7262126387472099,0.5190173612527882,0.7241016536804119,-0.40507834631958706
2024/06/18 10:57:17,25.687,22.625,-1.7966317538946044,0.5546182461053955,0.6772528520234438,-0.5052471479765561
2024/06/18 10:58:19,25.687,22.625,-1.869479114391909,0.4817708856080909,0.6920472104414337,-0.4904527895585662
2024/06/18 10:59:22,25.687,22.687,-1.9301852481396629,0.421064751860337,0.8104020777853532,-0.37209792221464666
2024/06/18 11:00:24,25.687,22.687,-1.9763219097879559,0.374928090212044,0.7388960120984018,-0.44360398790159805
2024/06/18 11:01:27,25.75,22.687,-1.9301852481396629,0.5287947518603353,0.7413617385014002,-0.4953182614985987
2024/06/18 11:02:29,25.812,22.687,-1.9398982295393035,0.6251017704606965,0.8893053226812996,-0.40069467731870045
2024/06/18 11:03:32,25.812,22.75,-2.0127455900366082,0.5522544099633917,0.7364302856954036,-0.5535697143045964
2024/06/18 11:04:34,25.812,22.75,-2.010317344686698,0.554682655313302,0.7956077193673633,-0.49439228063263674
2024/06/18 11:05:37,25.875,22.812,-2.0637387423847215,0.6089912576152763,0.78574481375537,-0.5584351862446291
2024/06/18 11:06:39,25.875,22.812,-2.1123036493829246,0.5604263506170732,0.7882105401583683,-0.5559694598416307
2024/06/18 11:07:42,25.875,22.812,-2.102590667983284,0.5701393320167139,0.8227307098003449,-0.5214492901996541
2024/06/18 11:08:44,25.875,22.875,-2.0783082144841822,0.5944217855158156,0.7438274649043985,-0.6003525350956005
2024/06/18 11:09:47,26.0,22.875,-2.1293013668322955,0.7571786331677024,0.7980734457703617,-0.6536065542296373
2024/06/18 11:10:49,26.0,22.937,-2.1608685563811276,0.7256114436188703,0.8227307098003449,-0.6289492901996541
2024/06/18 11:11:52,26.0,22.875,-2.2264311808287016,0.6600488191712963,0.8794424170693063,-0.5722375829306927
2024/06/18 11:12:54,26.062,22.937,-2.2337159168784324,0.7587840831215673,0.8646480586513163,-0.6403519413486836
2024/06/18 11:13:57,26.062,22.937,-2.279852578526725,0.7126474214732745,0.8745109642633097,-0.6304890357366902
2024/06/18 11:14:59,26.062,22.937,-2.3162762587753774,0.6762237412246224,0.8646480586513163,-0.6403519413486836
2024/06/18 11:16:02,26.187,23.0,-2.3065632773757367,0.8996867226242631,0.9780714731892393,-0.6344285268107608
2024/06/18 11:17:04,26.187,23.0,-2.430403790221155,0.775846209778845,0.8597166058453197,-0.7527833941546803
2024/06/18 11:18:07,26.187,23.062,-2.4255472995213343,0.7807027004786655,0.9410855771442643,-0.6714144228557357
2024/06/18 11:19:09,26.312,23.062,-2.4158343181216937,1.0041656818783062,0.884373869875303,-0.835626130124697
2024/06/18 11:20:12,26.25,23.062,-2.4595427344200766,0.8544372655799215,1.0027287372192224,-0.6639512627807767
2024/06/18 11:21:14,26.312,23.125,-2.6100939461145063,0.8099060538854936,0.8991682282932929,-0.8208317717067071
2024/06/18 11:22:17,26.312,23.125,-2.5688137751660336,0.8511862248339663,1.0101259164282175,-0.7098740835717825
2024/06/18 11:23:19,26.375,23.125,-2.578526756565674,0.9492032434343236,1.0914948877271622,-0.6826851122728368
2024/06/18 11:24:22,26.437,23.187,-2.656230607762799,0.977519392237201,1.0890291613241638,-0.7384708386758361
2024/06/18 11:25:24,26.437,23.187,-2.6780848159119905,0.9556651840880095,1.0273860012492058,-0.8001139987507941
2024/06/18 11:26:27,26.437,23.25,-2.6610870984626196,0.9726629015373804,1.074234802906174,-0.753265197093826
2024/06/18 11:27:29,26.562,23.25,-2.792212347357768,1.0552876526422321,0.9854686523982342,-0.9495313476017658
2024/06/18 11:28:32,26.562,23.312,-2.840777254355971,1.006722745644029,1.0717690765031755,-0.8632309234968245
Taring...
2024/06/18 11:29:37,26.687,23.312,-0.012141226749550775,0.09387877325045121,-0.047396740857698225,-0.10071674085769922
2024/06/18 11:30:40,26.75,23.375,-0.014569472099460929,0.19918052790053906,0.02410932482925315,-0.08339067517074684
2024/06/18 11:31:42,26.75,23.375,-0.12626875819532807,0.08748124180467193,0.011780692814261534,-0.09571930718573847
2024/06/18 11:32:45,26.812,23.437,-0.23553979894128504,0.08423020105871695,0.036437956844244765,-0.12438204315575623
2024/06/18 11:33:47,26.937,23.5,-0.24525278034092565,0.2882672196590763,0.04876658885923638,-0.21955341114076463
2024/06/18 11:34:50,27.0,23.5,-0.33024136758778105,0.31100863241221893,0.14246419217317266,-0.18003580782682735
2024/06/18 11:35:52,27.062,23.562,-0.4152299548346365,0.3320400451653655,0.14739564497916932,-0.22842435502083167
2024/06/18 11:36:55,27.125,23.625,-0.4419406536836482,0.41305934631635177,0.12766983375518273,-0.30233016624481723
2024/06/18 11:37:57,27.125,23.625,-0.49779029673158176,0.3572097032684182,0.09561539051620453,-0.33438460948379545
2024/06/18 11:39:00,27.25,23.625,-0.500218542081492,0.5685314579185081,0.14246419217317266,-0.39503580782682735
2024/06/18 11:40:02,27.312,23.687,-0.5997766014278083,0.5749933985721936,0.22383316347211735,-0.36698683652788366
2024/06/18 11:41:05,27.437,23.75,-0.7114758875236754,0.6770441124763266,0.21643598426312236,-0.48188401573687856
2024/06/18 11:42:07,27.5,23.812,-0.7746102666213395,0.7216397333786604,0.2632847859200905,-0.4892152140799094
2024/06/18 11:43:09,27.625,23.875,-0.8353164003690933,0.8746835996309067,0.2632847859200905,-0.5967152140799095
2024/06/18 11:44:12,27.687,23.937,-0.862027099218105,0.9539929007818969,0.24355897469610394,-0.669761025303897
2024/06/18 11:45:14,27.75,24.0,-0.9567286678646011,0.967021332135399,0.3569823892340268,-0.6105176107659732
2024/06/18 11:46:17,27.812,24.062,-0.9785828760137925,1.0511871239862094,0.3619138420400234,-0.6589061579599775
2024/06/18 11:47:19,27.937,24.125,-1.0999951435093003,1.1435248564907017,0.38657110607000666,-0.7417488939299942
2024/06/18 11:48:22,27.937,24.187,-1.1267058423583118,1.1168141576416901,0.44821426614496473,-0.6801057338550361
2024/06/18 11:49:24,28.062,24.187,-1.1971249575057064,1.2601450424942957,0.4630086245629547,-0.7728113754370463
2024/06/18 11:50:27,28.125,24.25,-1.2626875819532806,1.3023124180467194,0.48026870938394295,-0.8097312906160571
2024/06/18 11:51:29,28.187,24.312,-1.286970035452382,1.3840499645476196,0.4704058037719497,-0.8729141962280513
2024/06/18 11:52:32,28.25,24.437,-1.396241076198339,1.382508923801661,0.5221860582349145,-0.8753139417650855
2024/06/18 11:53:34,28.375,24.5,-1.5127968529940266,1.4797031470059732,0.5542405014738927,-0.9507594985261072
2024/06/18 11:54:37,28.437,24.562,-1.6050701762906123,1.4934498237093896,0.5887606711158692,-0.9695593288841319
2024/06/18 11:55:39,28.437,24.625,-1.6390656111893547,1.4594543888106473,0.6035550295338591,-0.954764970466142
2024/06/18 11:56:41,28.562,24.687,-1.694915254237288,1.617354745762714,0.6380751991758357,-1.0277448008241654
2024/06/18 11:57:44,28.625,24.687,-1.850322956631538,1.569677043368462,0.7293070760867736,-0.9906929239132264
2024/06/18 11:58:46,28.75,24.812,-1.8770336554805498,1.7567163445194502,0.8032788681767233,-1.0242211318232766
2024/06/18 11:59:49,28.75,24.812,-2.008158904375698,1.6255910956243018,0.9068393771026529,-0.920660622897347
2024/06/18 12:00:51,28.812,24.937,-2.0130153950755183,1.7267546049244835,0.7761558777437417,-1.1046641222562594
2024/06/18 12:01:54,28.937,25.0,-2.0907192462726436,1.8628007537273583,0.7588957929227534,-1.2294242070772476
2024/06/18 12:02:56,29.0,25.0,-2.2776941382157254,1.7835558617842748,0.869853481057678,-1.1726465189423219
2024/06/18 12:03:59,29.0,25.062,-2.2461269486668933,1.815123051333107,0.9240994619236411,-1.1184005380763589
2024/06/18 12:05:01,29.062,25.125,-2.3408285173133896,1.8264414826866124,0.9265651883266395,-1.1692548116733616
2024/06/18 12:06:03,29.125,25.187,-2.481666747608178,1.7933332523918222,0.9734139899836076,-1.1765860100163923
2024/06/18 12:07:06,29.25,25.25,-2.493807974357729,1.9949420256422705,1.1016317629395205,-1.1558682370604794
2024/06/18 12:08:08,29.25,25.312,-2.6055072604535963,1.8832427395464033,1.0399886028645624,-1.2175113971354374
2024/06/18 12:09:11,29.375,25.375,-2.7196347918993737,1.982865208100626,1.0103998860285826,-1.3546001139714172
2024/06/18 12:10:13,29.375,25.437,-2.7196347918993737,1.982865208100626,1.067111593297544,-1.2978884067024559
2024/06/18 12:11:16,29.437,25.5,-2.8774707396435337,1.9310492603564677,1.1830007342384652,-1.2353192657615357
2024/06/18 12:12:18,29.5,25.5,-2.9430333640911077,1.973216635908892,1.150946290999487,-1.3215537090005132
2024/06/18 12:13:21,29.562,25.562,-3.0474479141372446,1.974822085862757,1.1682063758204753,-1.3576136241795256
2024/06/18 12:14:23,29.625,25.625,-3.025593705988053,2.104406294011947,1.2717668847464048,-1.3082331152535953
2024/06/18 12:15:26,29.687,25.687,-3.1372929920839203,2.0987270079160814,1.3087527807913797,-1.324567219208621
2024/06/18 12:16:28,29.75,25.687,-3.2368510514302367,2.1068989485697633,1.3062870543883813,-1.3812129456116187
2024/06/18 12:17:31,29.875,25.75,-3.416541207323588,2.140958792676412,1.404916110508314,-1.3900838894916858
2024/06/18 12:18:33,29.937,25.812,-3.479675586421252,2.18384441357875,1.3975189312993193,-1.4508010687006818
2024/06/18 12:19:36,29.937,25.812,-3.513671021319994,2.1498489786800077,1.402450384105316,-1.445869615894685
2024/06/18 12:20:38,30.0,25.937,-3.622942062065951,2.148307937934049,1.4887508082102572,-1.4137491917897427
2024/06/18 12:21:41,30.0,25.937,-3.732213102811908,2.039036897188092,1.4616278177772757,-1.4408721822227242
2024/06/18 12:22:43,30.062,26.0,-3.8123451993589432,2.0649248006410588,1.5355996098672253,-1.4202203901327757
2024/06/18 12:23:45,30.125,26.062,-3.7467825749113692,2.23821742508863,1.594777043539185,-1.4152229564608148
2024/06/18 12:24:48,30.187,26.125,-3.958039920353553,2.1329800796464493,1.5997084963451818,-1.4636115036548192
2024/06/18 12:25:50,30.25,26.125,-4.038172016900588,2.1605779830994116,1.6292972131811616,-1.4882027868188386
2024/06/18 12:26:53,30.25,26.187,-4.045456752950318,2.1532932470496817,1.7402549013160862,-1.377245098683914
2024/06/18 12:27:55,30.25,26.25,-4.2712835704919625,1.927466429508037,1.8043637877940426,-1.3131362122059576
2024/06/18 12:28:58,30.375,26.25,-4.2712835704919625,2.141216429508037,1.7624464389430712,-1.462553561056929
Taring...
2024/06/18 12:30:04,30.437,26.312,-0.10711260043495713,-0.0010926004349551405,-0.0739717920899497,-0.1272917920899507
2024/06/18 12:31:06,30.5,26.375,-0.15810575278307037,0.05564424721692962,0.027122990432981556,-0.08037700956701845
2024/06/18 12:32:09,30.562,26.375,-0.19695767838163286,0.12281232161836914,0.1060262353289279,-0.054793764671073095
2024/06/18 12:33:11,30.562,26.375,-0.2868027563283086,0.0329672436716934,0.0641088864779564,-0.09671111352204459
2024/06/18 12:34:14,30.562,26.5,-0.3790760796248945,-0.05930607962489248,0.1356149521649078,-0.025205047835093197
2024/06/18 12:35:16,30.562,26.5,-0.44221045872255854,-0.12244045872255654,0.1997238386428642,0.0389038386428632
2024/06/18 12:36:19,30.562,26.562,-0.5199143099196835,-0.20014430991968146,0.1454778577769011,-0.015342142223099903
2024/06/18 12:37:21,30.562,26.562,-0.5733357076177069,-0.2535657076177049,0.20712101785185916,0.04630101785185817
2024/06/18 12:38:23,30.562,26.625,-0.6607525402144725,-0.3409825402144705,0.251504093105829,0.090684093105828
2024/06/18 12:39:26,30.625,26.625,-0.6971762204631248,-0.2696762204631248,0.2761613571358122,0.061161357135812194
2024/06/18 12:40:28,30.562,26.625,-0.7967342798094411,-0.4769642798094391,0.38958477167373506,0.22876477167373407
2024/06/18 12:41:31,30.687,26.75,-0.8380144507579138,-0.3044944507579118,0.44136502613669987,0.17304502613669887
2024/06/18 12:42:33,30.687,26.75,-0.9934221531521636,-0.45990215315216165,0.3402702436137686,0.07195024361376762
2024/06/18 12:43:36,30.812,26.812,-1.0565565322498278,-0.30928653224982583,0.5079396390176546,0.1321196390176536
2024/06/18 12:44:38,30.75,26.812,-1.0371305694505464,-0.3958805694505464,0.4561593845546898,0.1336593845546898
2024/06/18 12:45:40,30.75,26.812,-1.1682558183456948,-0.5270058183456948,0.5350626294506362,0.2125626294506362
2024/06/18 12:46:43,30.75,26.875,-1.1318321380970424,-0.49058213809704243,0.4758851957786764,0.15338519577867638
2024/06/18 12:47:45,30.75,26.937,-1.3188070300401245,-0.6775570300401245,0.579445704704606,0.256945704704606
2024/06/18 12:48:48,30.75,27.0,-1.1779687997453354,-0.5367187997453354,0.5227339974356445,0.20023399743564452
2024/06/18 12:49:50,30.812,27.0,-1.3139505393403041,-0.5666805393403022,0.6830062136305356,0.3071862136305346
2024/06/18 12:50:53,30.875,27.0,-1.4887842045338353,-0.6337842045338353,0.6312259591675707,0.20122595916757074
2024/06/18 12:51:55,30.875,27.0,-1.5276361301323977,-0.6726361301323978,0.6854719400335338,0.25547194003353385
2024/06/18 12:52:58,30.875,27.062,-1.6029117359796126,-0.7479117359796126,0.648486043988559,0.21848604398855903
2024/06/18 12:54:00,30.937,27.062,-1.5810575278304213,-0.6200375278304193,0.7347864680935003,0.2514664680934994
2024/06/18 12:55:03,30.937,27.125,-1.7121827767255695,-0.7511627767255675,0.7619094585264818,0.27858945852648087
2024/06/18 12:56:05,31.0,27.125,-1.7704606651234134,-0.7017106651234133,0.7988953545714568,0.2613953545714568
2024/06/18 12:57:07,31.0,27.125,-1.8603057430700891,-0.791555743070089,0.8087582601834501,0.2712582601834501
2024/06/18 12:58:10,31.062,27.187,-1.8967294233187413,-0.7219594233187394,0.8580727882434165,0.2672527882434155
2024/06/18 12:59:12,31.062,27.187,-1.9477225756668546,-0.7729525756668527,0.8630042410494132,0.2721842410494122
2024/06/18 13:00:15,31.125,27.187,-2.0667065978124524,-0.7842065978124524,0.8975244106913897,0.25252441069138964
2024/06/18 13:01:17,31.125,27.25,-2.018141690814249,-0.7356416908142489,0.9665647499753427,0.3215647499753427
2024/06/18 13:02:20,31.125,27.25,-2.1468386943594875,-0.8643386943594875,0.9665647499753427,0.3215647499753427
2024/06/18 13:03:22,31.187,27.312,-2.1662646571587687,-0.7777446571587667,1.0430022684682907,0.34468226846828975
2024/06/18 13:04:25,31.25,27.312,-2.217257809506882,-0.7210078095068821,1.0084820988263141,0.2559820988263142
2024/06/18 13:05:27,31.25,27.375,-2.2731074525548154,-0.7768574525548155,1.0109478252293125,0.25844782522931253
2024/06/18 13:06:29,31.25,27.375,-2.4139456828496044,-0.9176956828496046,1.0257421836473024,0.27324218364730246
2024/06/18 13:07:32,31.187,27.437,-2.4916495340467293,-1.1031295340467273,1.060262353289279,0.36194235328927804
2024/06/18 13:08:34,31.312,27.437,-2.5402144410449323,-0.9379444410449305,1.2008087582601834,0.3949887582601824
2024/06/18 13:09:37,31.312,27.5,-2.50379076079628,-0.9015207607962783,1.1638228622152087,0.3580028622152077
2024/06/18 13:10:39,31.312,27.5,-2.545070931744753,-0.942800931744751,1.1490285037972185,0.34320850379721757
2024/06/18 13:11:41,31.375,27.562,-2.6057770654925068,-0.8957770654925068,1.22053456948417,0.36053456948417006
2024/06/18 13:12:44,31.375,27.562,-2.7174763515883735,-1.0074763515883736,1.1662885886182068,0.30628858861820685
2024/06/18 13:13:46,31.437,27.562,-2.65677021784062,-0.8407502178406181,1.2920406351711213,0.3787206351711203
2024/06/18 13:14:49,31.437,27.562,-2.8583145818831626,-1.0422945818831606,1.2772462767531314,0.3639262767531304
2024/06/18 13:15:51,31.5,27.625,-2.843745109783702,-0.9199951097837018,1.3610809744550745,0.39358097445507445
2024/06/18 13:16:54,31.437,27.687,-2.8898817714319947,-1.0738617714319927,1.3240950784100995,0.4107750784100985
2024/06/18 13:17:56,31.5,27.625,-2.943303169130018,-1.0195531691300181,1.3857382384850576,0.4182382384850576
2024/06/18 13:18:58,31.5,27.687,-3.0622871912756158,-1.1385371912756157,1.3166978992011047,0.34919789920110467
2024/06/18 13:20:01,31.5,27.75,-3.0914261354745376,-1.1676761354745375,1.3931354176940527,0.42563541769405266
2024/06/18 13:21:03,31.562,27.75,-3.1497040238723812,-1.1199340238723794,1.3586152480520761,0.33779524805207517
2024/06/18 13:22:06,31.625,27.75,-3.2614033099682485,-1.1239033099682483,1.4054640497090443,0.3304640497090443
2024/06/18 13:23:08,31.562,27.75,-3.28325751811744,-1.253487518117438,1.4572443041720091,0.43642430417200817
2024/06/18 13:24:11,31.625,27.812,-3.3075399716165412,-1.170039971616541,1.5509419074859454,0.47594190748594545
2024/06/18 13:25:13,31.562,27.875,-3.4070980309628576,-1.3773280309628557,1.4399842193510208,0.4191642193510199
2024/06/18 13:26:15,31.625,27.812,-3.4678041647106115,-1.3303041647106113,1.4966959266199822,0.42169592661998223
2024/06/18 13:27:18,31.625,27.875,-3.453234692611151,-1.3157346926111506,1.6347766051878883,0.5597766051878883
2024/06/18 13:28:20,31.687,27.875,-3.5625057333571077,-1.3189857333571058,1.5953249827399152,0.4670049827399143
2024/06/18 13:29:23,31.687,27.875,-3.5309385438082757,-1.2874185438082737,1.6076536147549068,0.4793336147549059
Taring...
2024/06/18 13:30:29,31.75,27.937,0.010522396516300896,0.2242723965163009,0.03397223044124644,-0.07352776955875356
Time,Tamb,Tparrot,wt56 unadj,wt56 adj,wt2425 unadj,wt2425 adj
2024/06/18 13:31:00,31.687,27.937,-0.15356441904201185,-0.15356441904201185,0.07889611643515544,0.07889611643515544
2024/06/18 13:32:02,31.687,28.0,-0.08704721079387803,-0.08704721079387803,0.04910317736171585,0.04910317736171585
2024/06/18 13:33:05,31.687,28.0,99.95483399439938,99.95483399439938,0.09379258597187524,0.09379258597187524
2024/06/18 13:34:07,31.75,28.062,99.90802558859514,100.01575558859514,0.05158592228450248,-0.0025940777154965164
2024/06/18 13:35:10,31.687,28.062,99.7700639714879,99.7700639714879,0.10372356566302178,0.10372356566302178
2024/06/18 13:36:12,31.812,28.125,99.75035516904401,99.96410516904402,0.20055061765170046,0.09305061765170046
2024/06/18 13:37:14,31.812,28.125,99.65181115682455,99.86556115682455,0.13848199458203464,0.03098199458203464
2024/06/18 13:38:17,31.812,28.187,-0.35804324439738616,-0.14429324439738617,99.97213808475534,99.86463808475534
2024/06/18 13:39:19,31.875,28.187,-0.385142847757737,-0.063662847757739,100.07393062658959,99.91225062658958
2024/06/18 13:40:22,31.875,25.937,59.79814901497045,60.11962901497045,447.94870097268426,447.7870209726843
2024/06/18 13:41:24,31.937,26.0,53.66624785461471,54.09374785461471,459.1508460642975,458.93584606429755
2024/06/18 13:42:27,32.0,26.125,53.328734612763064,53.86396461276306,459.1210531252241,458.8518731252241
2024/06/18 13:43:29,32.062,26.125,53.35090701551244,53.99215701551243,459.0887774412279,458.7662774412279
2024/06/18 13:44:32,32.062,26.125,53.373079418261824,54.014329418261816,459.04160528769495,458.71910528769496
2024/06/18 13:45:34,32.125,26.25,53.27699900634785,54.025979006347846,459.14588057445195,458.76920057445193
2024/06/18 13:46:37,32.187,26.25,53.18091859443388,54.03591859443387,459.1086394006102,458.67863940061017
2024/06/18 13:47:39,32.187,26.312,53.26960820543139,54.124608205431386,459.06146724707725,458.63146724707724
2024/06/18 13:48:41,32.25,26.375,53.17106419321193,54.13379419321193,459.0267088181582,458.54252881815825
2024/06/18 13:49:44,32.25,26.375,53.15628259137901,54.11901259137901,458.9845021544708,458.50032215447084
2024/06/18 13:50:46,32.312,26.5,53.19077299565583,54.25952299565582,459.04160528769495,458.5041052876949
2024/06/18 13:51:49,32.312,26.5,53.18584579504485,54.25459579504484,458.9571919603202,458.41969196032016
2024/06/18 13:52:51,32.312,26.562,53.1045469849638,54.17329698496379,458.9522264704746,458.4147264704746
2024/06/18 13:53:54,32.375,26.625,52.9591945669401,54.1356745669401,458.9000888270961,458.3084088270961
2024/06/18 13:54:56,32.437,26.687,53.04788417793761,54.3303841779376,458.8628476532543,458.2178476532543
2024/06/18 13:55:59,32.437,26.75,52.97397616877302,54.25647616877301,458.8454684387948,458.2004684387948
2024/06/18 13:57:01,32.437,26.812,52.89514095899745,54.17764095899744,458.84795118371756,458.2029511837176
2024/06/18 13:58:04,32.562,26.875,52.97890336938399,54.47515336938399,458.738710407115,457.986210407115
2024/06/18 13:59:06,32.562,27.0,52.93702216419072,54.43327216419072,458.78339981572515,458.03089981572515
2024/06/18 14:00:08,32.625,27.062,52.956730966634616,54.560710966634616,458.7511241317289,457.9444441317289
2024/06/18 14:01:11,32.625,27.125,52.93702216419072,54.54100216419072,458.8107100098758,458.0040300098758
2024/06/18 14:02:13,32.625,27.187,52.796596946777996,54.400576946777996,458.726296682501,457.91961668250104
2024/06/18 14:03:16,32.687,27.25,52.80152414738897,54.51152414738896,458.76105511142003,457.90105511142
2024/06/18 14:04:18,32.687,27.312,52.72761613822438,54.43761613822437,458.7312621723466,457.8712621723466
2024/06/18 14:05:21,32.75,27.437,-423.63167533032777,-421.8139453303278,511.4424196280296,510.5282396280296
2024/06/18 14:06:23,32.75,27.75,-0.9098897128263482,0.9078402871736498,0.28248120010365935,-0.6316987998963397
2024/06/18 14:07:25,32.75,27.875,-0.897571711298916,0.9201582887010821,0.29489492471759254,-0.6192850752824064
2024/06/18 14:08:28,32.75,28.0,-0.880326509160511,0.937403490839487,0.38675648686069797,-0.527423513139301
2024/06/18 14:09:30,32.812,28.062,-0.9271349149647533,0.9966150850352405,0.35944629271004497,-0.6080537072899519
2024/06/18 14:10:33,32.75,28.187,-0.9961157235183735,0.8216142764816246,0.3966874665518445,-0.5174925334481545
2024/06/18 14:11:35,32.812,28.25,-1.0503149302390753,0.8734350697609186,0.4140666810113509,-0.553433318988646
2024/06/18 14:12:38,32.812,28.312,-1.0355333284061565,0.8882166715938373,0.3668945274784049,-0.600605472521592
2024/06/18 14:13:40,32.75,28.375,-1.1316137403201276,0.6861162596798704,0.4612388345442969,-0.45294116545570207
2024/06/18 14:14:43,32.687,28.437,-1.1808857464298563,0.5291142535701376,0.528272947459536,-0.33172705254046086
2024/06/18 14:15:45,32.75,28.437,-1.1094413375707497,0.7082886624292484,0.5084109880772429,-0.40576901192275605
2024/06/18 14:16:47,32.75,28.562,-1.2375485534560444,0.5801814465439536,0.4438596200847905,-0.4703203799152085
2024/06/18 14:17:50,32.75,28.562,-1.2769661583438274,0.5407638416561706,0.4612388345442969,-0.45294116545570207
2024/06/18 14:18:52,32.75,28.625,-1.1932037479572886,0.6245262520427095,0.5456521619190424,-0.36852783808095657
2024/06/18 14:19:55,32.75,28.625,-1.2498665549834767,0.5678634450165214,0.5531003966874024,-0.3610796033125966
2024/06/18 14:20:57,32.75,28.687,-1.2153761507066665,0.6023538492933316,0.5357211822278959,-0.3784588177721031
2024/06/18 14:21:59,32.75,28.687,-1.3065293620096647,0.5112006379903333,0.5257902025367494,-0.38838979746324964
2024/06/18 14:23:02,32.75,28.75,-1.217839751012153,0.599890248987845,0.5332384373051093,-0.38094156269488966
2024/06/18 14:24:04,32.625,28.812,-1.2868205595657731,0.31715944043422484,0.5804105908380554,-0.2262694091619436
2024/06/18 14:25:07,32.687,28.812,-1.301602161398692,0.4083978386013021,0.5953070603747751,-0.2646929396252218
2024/06/18 14:26:09,32.687,28.875,-1.3139201629261241,0.39607983707386984,0.6424792139077211,-0.21752078609227576
2024/06/18 14:27:12,32.687,28.937,-1.257257355899936,0.45274264410005793,0.6176517646798548,-0.24234823532014205
2024/06/18 14:28:14,32.75,28.937,-1.3262381644535561,0.49149183554644194,0.6995823471318137,-0.21459765286818533
2024/06/18 14:29:17,32.75,29.0,-1.3902917723962036,0.42743822760379446,0.6747548979039474,-0.2394251020960516
2024/06/18 14:30:19,32.75,29.062,-1.3681193696468257,0.4496106303531724,0.7318580311280399,-0.18232196887195906
2024/06/18 14:31:21,32.812,29.125,-1.3508741675084206,0.5728758324915733,0.7715819498926261,-0.19591805010737084
2024/06/18 14:32:24,32.812,29.125,-1.4223185763675272,0.5014314236324666,0.8013748889660657,-0.16612511103393124
2024/06/18 14:33:26,32.812,29.187,-1.3853645717852308,0.5383854282147631,0.8237195932711454,-0.1437804067288515
2024/06/18 14:34:29,32.875,29.187,-1.4839085840046882,0.5475714159953098,0.880822726495238,-0.14085727350476107
2024/06/18 14:35:31,32.812,29.25,-1.4223185763675272,0.5014314236324666,0.8957191960319577,-0.07178080396803921
2024/06/18 14:36:34,32.812,29.312,-1.53810779072539,0.3856422092746039,1.0074427175573561,0.03994271755735923
2024/06/18 14:37:36,32.875,29.312,-1.6243338014174151,0.40714619858258283,0.97516703356113,-0.04651296643886904
2024/06/18 14:38:38,32.875,29.312,-1.678533008138117,0.35294699186188105,1.0595803609358756,0.037900360935876565
2024/06/18 14:39:41,32.875,29.312,-1.668678606916171,0.362801393083827,1.0794423203181687,0.057762320318169635
2024/06/18 14:40:43,32.937,29.312,-1.6538970050832524,0.4836029949167415,1.1042697695460348,0.029269769546037994
2024/06/18 14:41:46,32.875,29.375,-1.7622954185246558,0.2691845814753422,1.2085450563030735,0.18686505630307448
2024/06/18 14:42:48,32.937,29.312,-1.8559122301331403,0.28158776986685363,1.2085450563030735,0.13354505630307667
2024/06/18 14:43:51,32.812,29.375,-1.8066402240234116,0.11710977597658223,1.21847603599422,0.250976035994223
2024/06/18 14:44:53,32.812,29.375,-1.8682302316605726,0.055519768339421294,1.253234464913233,0.28573446491323606
2024/06/18 14:45:56,32.812,29.375,-1.8608394307441132,0.06291056925588068,1.238337995376513,0.2708379953765161
2024/06/18 14:46:58,32.812,29.375,-1.9076478365483556,0.016102163451638285,1.253234464913233,0.28573446491323606
2024/06/18 14:48:00,32.75,29.375,-1.8953298350209233,-0.07759983502092527,1.2681309344499527,0.35395093444995374
2024/06/18 14:49:03,32.625,29.375,-1.9421382408251657,-0.33815824082516777,1.3252340676740453,0.5185540676740463
2024/06/18 14:50:05,32.687,29.375,-2.0259006512117046,-0.3159006512117106,1.3301995575196186,0.4701995575196217
2024/06/18 14:51:08,32.687,29.375,-2.0406822530446234,-0.3306822530446294,1.347578771979125,0.48757877197912813
2024/06/18 14:52:10,32.687,29.375,-1.9963374475458673,-0.2863374475458733,1.3848199458209245,0.5248199458209276
2024/06/18 14:53:13,32.625,29.312,-2.0480730539610823,-0.44409305396108434,1.359992496593058,0.5533124965930591
2024/06/18 14:54:15,32.625,29.312,-2.1342990646531077,-0.5303190646531097,1.414612884894364,0.607932884894365
2024/06/18 14:55:18,32.562,29.312,-2.1934254719847823,-0.6971754719847885,1.3748889661297778,0.6223889661297809
2024/06/18 14:56:20,32.625,29.25,-2.092417859459838,-0.4884378594598402,1.3028893633689655,0.4962093633689666
2024/06/18 14:57:22,32.562,29.25,-2.0603910554885148,-0.5641410554885209,1.4170956298171506,0.6645956298171537
2024/06/18 14:58:25,32.562,29.25,-2.030827851822677,-0.5345778518226834,1.3922681805892843,0.6397681805892873
2024/06/18 14:59:27,32.562,29.25,-2.050536654266569,-0.5542866542665752,1.359992496593058,0.6074924965930611
2024/06/18 15:00:30,32.562,29.187,-2.033291452128164,-0.5370414521281701,1.332682302442405,0.5801823024424081
2024/06/18 15:01:32,32.562,29.187,-2.0874906588488655,-0.5912406588488717,1.4593022935045235,0.7068022935045265
2024/06/18 15:02:35,32.562,29.187,-2.006191848767813,-0.5099418487678193,1.367440731361418,0.6149407313614211
2024/06/18 15:03:37,32.562,29.187,-2.0973450600708112,-0.6010950600708174,1.3351650473651917,0.5826650473651948
2024/06/18 15:04:40,32.5,29.187,-2.080099857932406,-0.6898698579324081,1.402199160280431,0.7030191602804319
2024/06/18 15:05:42,32.5,29.125,-2.0382186527391366,-0.6479886527391385,1.3525442618246981,0.6533642618246991
2024/06/18 15:06:44,32.5,29.187,-2.0603910554885148,-0.6701610554885167,1.4195783747399373,0.7203983747399383
2024/06/18 15:07:47,32.5,29.125,-2.067781856404974,-0.6775518564049761,1.4295093544310837,0.7303293544310847
2024/06/18 15:08:49,32.5,29.125,-2.0209734506007315,-0.6307434506007334,1.4493713138133768,0.7501913138133778
2024/06/18 15:09:52,32.5,29.125,-2.075172657321433,-0.684942657321435,1.3972336704348576,0.6980536704348586
2024/06/18 15:10:54,32.5,29.125,-2.013582649684272,-0.6233526496842741,1.496543467346323,0.7973634673463239
2024/06/18 15:11:57,32.5,29.062,-2.1170538625147026,-0.7268238625147045,1.508957191960256,0.809777191960257
2024/06/18 15:12:59,32.437,29.125,-2.0382186527391366,-0.7557186527391426,1.422061119662724,0.7770611196627271
2024/06/18 15:14:02,32.5,29.125,-2.085027058543379,-0.6947970585433811,1.4170956298171506,0.7179156298171516
2024/06/18 15:15:04,32.437,29.062,-2.0431458533501097,-0.7606458533501157,1.4866124876551763,0.8416124876551794
2024/06/18 15:16:07,32.437,29.062,-2.11212666190373,-0.829626661903736,1.4642677833500968,0.8192677833500999
2024/06/18 15:17:09,32.437,29.062,-1.9963374475458673,-0.7138374475458733,1.4642677833500968,0.8192677833500999
2024/06/18 15:18:11,32.437,29.062,-2.062854655794001,-0.7803546557940071,1.4295093544310837,0.7845093544310868
2024/06/18 15:19:14,32.437,29.062,-2.11212666190373,-0.829626661903736,1.4369575891994437,0.7919575891994468
2024/06/18 15:20:16,32.437,29.062,-2.158935067707972,-0.8764350677079782,1.4642677833500968,0.8192677833500999
2024/06/18 15:21:19,32.375,29.062,-2.1195174628201894,-0.9430374628201914,1.4245438645855106,0.8328638645855116
2024/06/18 15:22:21,32.437,29.062,-2.1318354643476214,-0.8493354643476274,1.4568195485817368,0.8118195485817399
2024/06/18 15:23:24,32.375,29.062,-2.190961871679296,-1.014481871679298,1.4543368036589501,0.8626568036589511
2024/06/18 15:24:26,32.437,29.062,-2.1958890722902686,-0.9133890722902747,1.4841297427323898,0.8391297427323929
2024/06/18 15:25:28,32.375,29.062,-2.1170538625147026,-0.9405738625147047,1.4195783747399373,0.8278983747399383
2024/06/18 15:26:31,32.375,29.062,-2.1490806664860265,-0.9726006664860285,1.4518540587361635,0.8601740587361645
2024/06/18 15:27:33,32.375,29.062,-2.07763625762692,-0.9011562576269219,1.4692332731956699,0.8775532731956709
2024/06/18 15:28:36,32.437,29.062,-2.168789468929918,-0.8862894689299239,1.441923079045017,0.7969230790450201
2024/06/18 15:29:38,32.375,29.062,-2.173716669540891,-0.997236669540893,1.5759913048754952,0.9843113048754962
2024/06/18 15:30:41,32.375,29.0,-2.232843076872565,-1.0563630768725671,1.5511638556476288,0.9594838556476298
Taring...
2024/06/18 15:31:47,32.437,28.937,-0.031753070604015554,0.07426692939598036,0.07724095315339403,0.02392095315339609
2024/06/18 15:32:49,32.312,28.937,0.005200933978281013,-0.10252906602172307,0.08717193284454057,0.14135193284454262
2024/06/18 15:33:51,32.312,28.875,-0.03421667090950199,-0.14194667090950608,0.09213742269011382,0.14631742269011588
2024/06/18 15:34:54,32.312,28.812,0.027373336727658952,-0.08035666327234514,-0.002206884375778226,0.051973115624223826
2024/06/18 15:35:56,32.312,28.75,-0.03421667090950199,-0.14194667090950608,0.09462016761290046,0.14880016761290252
2024/06/18 15:36:59,32.312,28.687,0.027373336727658952,-0.08035666327234514,0.06234448361667423,0.11652448361667628
2024/06/18 15:38:01,32.312,28.687,-0.07609787610277143,-0.1838278761027755,0.05737899377110097,0.11155899377110302
2024/06/18 15:39:04,32.312,28.625,0.019982535811199638,-0.08774746418880444,0.0598617386938876,0.11404173869388964
2024/06/18 15:40:06,32.312,28.562,-0.004653467243664738,-0.11238346724366882,0.07972369807618067,0.13390369807618271
2024/06/18 15:41:09,32.25,28.562,-0.03421667090950199,-0.24796667090950197,0.08468918792175394,0.19218918792175393
2024/06/18 15:42:11,32.25,28.562,0.01012813458925389,-0.20362186541074612,0.07227546330782077,0.17977546330782077
2024/06/18 15:43:13,32.25,28.5,-0.009580667854637613,-0.22333066785463762,0.1268958516091267,0.23439585160912668
2024/06/18 15:44:16,32.25,28.5,0.047082139171550456,-0.16666786082844953,0.03255154454323464,0.14005154454323465
2024/06/18 15:45:18,32.25,28.5,-0.029289470298529116,-0.24303947029852913,0.12441310668634006,0.23191310668634008
2024/06/18 15:46:21,32.187,28.437,0.037227737949604704,-0.2842522620503994,0.030068799620448002,0.19174879962045005
2024/06/18 15:47:23,32.187,28.437,0.049545739477036894,-0.2719342605229672,0.06979271838503413,0.2314727183850362
2024/06/18 15:48:26,32.125,28.437,0.05693654039349621,-0.3705634596065038,0.03255154454323464,0.24755154454323464
2024/06/18 15:49:28,32.125,28.375,0.06925454192092839,-0.3582454580790716,0.08468918792175394,0.2996891879217539
2024/06/18 15:50:30,32.187,28.375,0.05447294008800977,-0.2670070599119943,0.0524135039255277,0.21409350392552975
2024/06/18 15:51:33,32.187,28.312,0.0889633443648199,-0.2325166556351842,0.09710291253568709,0.25878291253568914
2024/06/18 15:52:35,32.125,28.312,0.04461853886606402,-0.38288146113393595,0.04993075900274107,0.26493075900274105
2024/06/18 15:53:38,32.125,28.312,0.15055335200198083,-0.27694664799801916,0.010206840238154938,0.22520684023815493
2024/06/18 15:54:40,32.187,28.312,0.07910894314287414,-0.24237105685712995,-0.027034333603644555,0.1346456663963575
2024/06/18 15:55:43,32.187,28.312,0.03969133825509114,-0.28178866174491296,-0.004689629298564859,0.15699037070143718
2024/06/18 15:56:45,32.187,28.312,0.09635414528127921,-0.22512585471872487,0.07227546330782077,0.2339554633078228
2024/06/18 15:57:48,32.25,28.312,0.06432734130995552,-0.14942265869004448,0.09958565745847373,0.20708565745847374
2024/06/18 15:58:50,32.187,28.312,0.08649974405933346,-0.23498025594067062,0.00027586054700840695,0.16195586054701044
2024/06/18 15:59:53,32.25,28.312,0.13823535047454866,-0.07551464952545134,-0.002206884375778226,0.10529311562422178
2024/06/18 16:00:55,32.25,28.312,0.07910894314287414,-0.13464105685712585,0.1343440863774866,0.2418440863774866
2024/06/18 16:01:57,32.25,28.312,0.012591734894740325,-0.20115826510525966,0.06482722853946087,0.17232722853946086
2024/06/18 16:03:00,32.25,28.312,0.015055335200226764,-0.19869466479977324,0.10455114730404699,0.212051147304047
2024/06/18 16:04:02,32.187,28.312,0.06925454192092839,-0.2522254580790757,0.08468918792175394,0.246369187921756
2024/06/18 16:05:05,32.25,28.25,0.047082139171550456,-0.16666786082844953,0.18648172975600588,0.2939817297560059
2024/06/18 16:06:07,32.312,28.25,0.06679094161544195,-0.04093905838456213,0.1566887906825663,0.21086879068256836
2024/06/18 16:07:10,32.25,28.312,0.06432734130995552,-0.14942265869004448,0.1194476168407668,0.2269476168407668
2024/06/18 16:08:12,32.25,28.25,0.04461853886606402,-0.16913146113393598,0.02013781992930147,0.12763781992930145
2024/06/18 16:09:14,32.25,28.25,0.015055335200226764,-0.19869466479977324,0.06234448361667423,0.16984448361667423
2024/06/18 16:10:17,32.312,28.25,-0.019435069076583364,-0.12716506907658745,0.11448212699519353,0.1686621269951956
2024/06/18 16:11:19,32.25,28.312,0.037227737949604704,-0.17652226205039528,0.0747582082306074,0.1822582082306074
2024/06/18 16:12:22,32.25,28.25,-0.01450786846561049,-0.2282578684656105,0.0673099734622475,0.1748099734622475
2024/06/18 16:13:24,32.187,28.25,0.027373336727658952,-0.29410666327234514,0.09710291253568709,0.25878291253568914
2024/06/18 16:14:27,32.25,28.25,0.034764137644118266,-0.17898586235588174,0.007724095315368306,0.1152240953153683
2024/06/18 16:15:29,32.25,28.25,-0.09580667854666293,-0.3095566785466629,0.13682683130027323,0.24432683130027322
2024/06/18 16:16:31,32.25,28.25,0.06925454192092839,-0.1444954580790716,0.10703389222683363,0.2145338922268336
2024/06/18 16:17:34,32.312,28.25,0.05693654039349621,-0.05079345960650788,0.08717193284454057,0.14135193284454262
2024/06/18 16:18:36,32.25,28.25,0.03230053733863183,-0.18144946266136816,0.09710291253568709,0.20460291253568708
2024/06/18 16:19:39,32.25,28.25,-0.0021898669381783,-0.2159398669381783,0.11696487191798016,0.22446487191798015
2024/06/18 16:20:41,32.25,28.25,-0.058852673964366366,-0.2726026739643664,0.11696487191798016,0.22446487191798015
2024/06/18 16:21:44,32.25,28.25,0.09389054497579277,-0.11985945502420722,0.09710291253568709,0.20460291253568708
2024/06/18 16:22:46,32.25,28.25,-0.012044268160124052,-0.22579426816012405,0.10703389222683363,0.2145338922268336
2024/06/18 16:23:49,32.187,28.25,0.0002737333673081376,-0.32120626663269597,0.0822064429989673,0.24388644299896933
2024/06/18 16:24:51,32.187,28.25,-0.04653467243693418,-0.3680146724369383,0.0896546777673272,0.25133467776732926
2024/06/18 16:25:53,32.25,28.25,-0.01450786846561049,-0.2282578684656105,0.08717193284454057,0.19467193284454057
2024/06/18 16:26:56,32.25,28.25,-0.0021898669381783,-0.2159398669381783,0.13186134145469997,0.23936134145469995
2024/06/18 16:27:58,32.25,28.25,-0.06377987457533925,-0.27752987457533923,0.11448212699519353,0.22198212699519354
2024/06/18 16:29:01,32.187,28.25,-0.04653467243693418,-0.3680146724369383,0.09958565745847373,0.26126565745847574
2024/06/18 16:30:03,32.25,28.25,-0.03914387152047487,-0.2528938715204749,0.047448014079954436,0.15494801407995443
2024/06/18 16:31:06,32.25,28.25,0.04215493856057758,-0.1715950614394224,0.08468918792175394,0.19218918792175393
Taring...
2024/06/18 16:32:11,32.312,28.25,0.0032848004073391503,0.10930480040733506,0.00027586054700840695,-0.05304413945298954
2024/06/18 16:33:14,32.187,28.25,-0.0016424002036337251,-0.10937240020363781,0.09958565745847373,0.15376565745847579
2024/06/18 16:34:16,32.25,28.25,-0.026278403258498104,-0.026278403258498104,-0.007172374221351492,-0.007172374221351492
2024/06/18 16:35:19,32.25,28.25,-0.011496801425579475,-0.011496801425579475,0.0747582082306074,0.0747582082306074
2024/06/18 16:36:21,32.25,28.25,0.018066402240257778,0.018066402240257778,0.09462016761290046,0.09462016761290046
2024/06/18 16:37:24,32.25,28.25,-0.023814802953011666,-0.023814802953011666,-0.02206884375807129,-0.02206884375807129
2024/06/18 16:38:26,32.312,28.25,-0.036132804480443856,0.06988719551955205,-0.019586098835284657,-0.0729060988352826
2024/06/18 16:39:28,32.312,28.25,-0.038596404785930294,0.06742359521406562,0.01765507500651484,-0.0356649249934831
2024/06/18 16:40:31,32.312,28.187,-0.14699481822733354,-0.04097481822733763,0.11448212699519353,0.06116212699519558
2024/06/18 16:41:33,32.25,28.187,-0.08047760997919973,-0.08047760997919973,0.07724095315339403,0.07724095315339403
2024/06/18 16:42:36,32.312,28.187,-0.17409442158768437,-0.06807442158768846,0.0524135039255277,-0.0009064960744702422
2024/06/18 16:43:38,32.312,28.187,-0.09525921181211836,0.010760788187877554,-0.024551588680857925,-0.07787158868085586
2024/06/18 16:44:41,32.25,28.187,-0.14453121792184712,-0.14453121792184712,0.06979271838503413,0.06979271838503413
2024/06/18 16:45:43,32.25,28.187,-0.2159756267809538,-0.2159756267809538,0.027586054697661372,0.027586054697661372
2024/06/18 16:46:46,32.25,28.25,-0.18148522250414367,-0.18148522250414367,-0.03944805821757772,-0.03944805821757772
2024/06/18 16:47:48,32.187,28.25,-0.1371404170053878,-0.24487041700539186,0.00275860546979504,0.05693860546979709
2024/06/18 16:48:51,32.187,28.187,-0.15192201883830642,-0.2596520188383105,0.0822064429989673,0.13638644299896935
2024/06/18 16:49:53,32.187,28.25,-0.15438561914379287,-0.26211561914379694,0.0449652691571678,0.09914526915716985
2024/06/18 16:50:55,32.125,28.25,-0.10018641242309123,-0.3139364124230912,-0.012137864066924759,0.09536213593307524
2024/06/18 16:51:58,32.062,28.312,-0.1297496160889285,-0.4512296160889326,0.04248252423438117,0.20416252423438322
2024/06/18 16:53:00,32.062,28.312,-0.0854048105901726,-0.40688481059017667,0.00027586054700840695,0.16195586054701044
2024/06/18 16:54:03,32.062,28.312,-0.06323240784079467,-0.38471240784079874,0.025103309774874738,0.18678330977487678
2024/06/18 16:55:05,32.062,28.312,-0.04352360539690316,-0.36500360539690724,0.04248252423438117,0.20416252423438322
2024/06/18 16:56:08,32.062,28.375,-0.05091440631336248,-0.37239440631336657,0.04993075900274107,0.21161075900274312
2024/06/18 16:57:10,32.062,28.375,-0.1371404170053878,-0.4586204170053919,-0.004689629298564859,0.15699037070143718
2024/06/18 16:58:13,32.0,28.375,-0.1322132163944149,-0.559713216394415,0.03255154454323464,0.24755154454323464
2024/06/18 16:59:15,32.0,28.375,-0.12482241547795561,-0.5523224154779556,-0.017103353912498023,0.19789664608750196
2024/06/18 17:00:18,32.0,28.437,-0.17409442158768437,-0.6015944215876844,0.1119993820724069,0.32699938207240686
2024/06/18 17:01:20,32.062,28.437,-0.15192201883830642,-0.4734020188383105,-0.024551588680857925,0.1371284113191441
2024/06/18 17:02:23,32.0,28.5,-0.16424002036573862,-0.5917400203657386,-0.014620608989711391,0.2003793910102886
2024/06/18 17:03:25,32.0,28.5,-0.16177642006025217,-0.5892764200602522,-0.014620608989711391,0.2003793910102886
2024/06/18 17:04:27,31.937,28.5,-0.08047760997919973,-0.6157076099791977,-0.08165472190495049,0.1875252780950485
2024/06/18 17:05:30,31.937,28.5,-0.08047760997919973,-0.6157076099791977,0.0747582082306074,0.3439382082306064
2024/06/18 17:06:32,31.937,28.5,-0.04845080600787604,-0.583680806007874,-0.004689629298564859,0.2644903707014341
2024/06/18 17:07:35,31.937,28.562,-0.13960401731087424,-0.6748340173108722,0.025103309774874738,0.2942833097748737
2024/06/18 17:08:37,31.875,28.562,-0.031205603869470976,-0.672455603869471,-0.017103353912498023,0.305396646087502
2024/06/18 17:09:40,31.875,28.562,-0.07308680906274041,-0.7143368090627404,-0.017103353912498023,0.305396646087502
2024/06/18 17:10:42,31.875,28.562,-0.03366920417495742,-0.6749192041749574,-0.04689629298593762,0.2756037070140624
2024/06/18 17:11:45,31.812,28.562,-0.036132804480443856,-0.7851128044804419,-0.012137864066924759,0.3645421359330743
2024/06/18 17:12:47,31.812,28.562,-0.01642400203655235,-0.7654040020365503,-0.10896491605560345,0.2677150839443956
2024/06/18 17:13:50,31.812,28.5,0.10675601323776954,-0.6422239867622285,-0.06924099729101732,0.3074390027089817
2024/06/18 17:14:52,31.812,28.562,0.04516600560060859,-0.7038139943993894,-0.06675825236823069,0.30992174763176833
2024/06/18 17:15:54,31.812,28.562,0.08704721079387803,-0.66193278920612,-0.13379236528346977,0.24288763471652924
2024/06/18 17:16:57,31.812,28.625,0.12153761507068817,-0.6274423849293098,-0.10399942621003018,0.27268057378996885
2024/06/18 17:17:59,31.75,28.562,0.14863721843103897,-0.706362781568961,-0.041930803140364355,0.38806919685963565
2024/06/18 17:19:02,31.812,28.625,0.15110081873652542,-0.5978791812634725,-0.09158570159609701,0.285094298403902
2024/06/18 17:20:04,31.812,28.687,0.1437100178200661,-0.6052699821799319,-0.12137864066953662,0.2553013593304624
2024/06/18 17:21:07,31.687,28.687,0.2299360285120914,-0.7327939714879066,-0.08413746682773712,0.4000425331722619
2024/06/18 17:22:09,31.75,28.687,0.16588242056944405,-0.689117579430556,-0.16855079420248265,0.26144920579751735
2024/06/18 17:23:12,31.687,28.75,0.26442643278890154,-0.6983035672110964,-0.1511715797429762,0.3330084202570228
2024/06/18 17:24:14,31.75,28.75,0.227472428206605,-0.627527571793395,-0.12386138559232325,0.30613861440767676
2024/06/18 17:25:17,31.75,28.812,0.23239962881757786,-0.6226003711824222,-0.10399942621003018,0.3260005737899698
2024/06/18 17:26:19,31.875,28.812,0.19051842362430843,-0.45073157637569156,-0.13379236528346977,0.18870763471653024
2024/06/18 17:27:21,31.875,28.875,0.2619628324834151,-0.37928716751658487,-0.13875785512904304,0.18374214487095697
2024/06/18 17:28:24,31.875,28.875,0.23239962881757786,-0.4088503711824221,-0.1362751102062564,0.1862248897937436
2024/06/18 17:29:26,31.937,28.937,0.345725242869954,-0.189504757130044,-0.11393040590117672,0.15524959409882227
2024/06/18 17:30:29,31.937,29.0,0.23239962881757786,-0.3028303711824201,-0.15365432466576284,0.11552567533423613
2024/06/18 17:31:31,32.0,29.0,0.3112348385931439,-0.11626516140685611,-0.16358530435690938,0.05141469564309062
Taring...
2024/06/18 17:32:37,32.062,29.125,-0.019161335709346927,0.08685866429064898,0.0684134156499921,0.015093415649994148
2024/06/18 17:33:39,32.0,29.187,-0.0955329451794265,-0.0955329451794265,0.0237240070398327,0.0237240070398327
2024/06/18 17:34:42,32.062,29.187,-0.115241747623318,-0.00922174762332209,0.031172241808192603,-0.022147758191805342
2024/06/18 17:35:44,32.062,29.187,-0.10785094670685869,-0.0018309467068627766,0.058482435958845565,0.005162435958847619
2024/06/18 17:36:47,32.062,29.25,-0.09306934487394006,0.012950655126055852,0.10813733441457822,0.054817334414580275
2024/06/18 17:37:49,32.062,29.312,-0.10538734640137225,0.0006326535986236614,0.016275772271472803,-0.03704422772852514
2024/06/18 17:38:51,32.062,29.312,-0.16451375373304675,-0.05849375373305084,0.11558556918293812,0.06226556918294018
2024/06/18 17:39:54,32.062,29.312,-0.12509614884526374,-0.01907614884526783,0.09572360980064507,0.04240360980064712
2024/06/18 17:40:57,32.125,29.312,-0.19900415800985688,0.014745841990143116,0.0684134156499921,-0.039086584350007905
2024/06/18 17:41:59,32.125,29.375,-0.194076957398884,0.019673042601115992,0.12055105902851139,0.013051059028511391
2024/06/18 17:43:01,32.125,29.375,-0.233494562286667,-0.019744562286667017,0.0535169461132723,-0.0539830538867277
2024/06/18 17:44:04,32.125,29.375,-0.2581305653415314,-0.0443805653415314,0.08579263010949853,-0.02170736989050147
2024/06/18 17:45:06,32.187,29.437,-0.2852301687018822,0.034539831298113666,0.07089616057277873,-0.08992383942721921
2024/06/18 17:46:09,32.187,29.437,-0.3246477735896652,-0.0048777735896692875,0.1279992937968713,-0.03282070620312663
2024/06/18 17:47:11,32.187,29.437,-0.3369657751170974,-0.01719577511710152,0.16275772271588415,0.0019377227158862143
2024/06/18 17:48:14,32.187,29.5,-0.3320385745061245,-0.012268574506128616,0.0982063547234317,-0.06261364527656624
2024/06/18 17:49:16,32.25,29.5,-0.38131058061585327,0.046189419384146724,0.1056545894917916,-0.1093454105082084
2024/06/18 17:50:19,32.25,29.5,-0.4034829833652312,0.024017016634768795,0.016275772271472803,-0.1987242277285272
2024/06/18 17:51:21,32.25,29.5,-0.4675365913078786,-0.04003659130787862,0.08827537503228516,-0.12672462496771483
2024/06/18 17:52:23,32.25,29.5,-0.5217357980285803,-0.09423579802858029,0.10317184456900497,-0.11182815543099503
2024/06/18 17:53:26,32.187,29.562,-0.5217357980285803,-0.2019657980285844,0.10317184456900497,-0.05764815543099297
2024/06/18 17:54:28,32.187,29.562,-0.4995633952792023,-0.1797933952792064,0.04358596642212577,-0.11723403357787217
2024/06/18 17:55:31,32.25,29.562,-0.5759350047492818,-0.14843500474928184,0.1726887024070307,-0.04231129759296931
2024/06/18 17:56:33,32.25,29.562,-0.5636170032218497,-0.13611700322184972,0.1279992937968713,-0.08700070620312869
2024/06/18 17:57:35,32.25,29.625,-0.5439082007779582,-0.11640820077795822,0.11558556918293812,-0.09941443081706187
2024/06/18 17:58:38,32.25,29.625,-0.5537626019999039,-0.1262626019999039,0.12303380395129802,-0.09196619604870197
2024/06/18 17:59:41,32.25,29.625,-0.548835401388931,-0.12133540138893106,0.0907581199550718,-0.1242418800449282
2024/06/18 18:00:43,32.187,29.625,-0.5463718010834446,-0.22660180108344874,0.16275772271588415,0.0019377227158862143
2024/06/18 18:01:45,32.25,29.625,-0.6621610154413071,-0.23466101544130713,0.14289576333359108,-0.07210423666640892
2024/06/18 18:02:48,32.25,29.625,-0.6424522129974156,-0.21495221299741563,0.14041301841080445,-0.07458698158919555
2024/06/18 18:03:50,32.312,29.625,-0.7385326249113867,-0.20501262491139083,0.07337890549556536,-0.1949410945044326
2024/06/18 18:04:53,32.25,29.625,-0.6843334181906852,-0.25683341819068517,0.14537850825637771,-0.06962149174362228
2024/06/18 18:05:55,32.25,29.625,-0.6966514197181173,-0.2691514197181173,0.1304820387196579,-0.08451796128034209
2024/06/18 18:06:58,32.25,29.625,-0.7927318316320884,-0.3652318316320884,0.1304820387196579,-0.08451796128034209
2024/06/18 18:08:00,32.25,29.687,-0.768095828577224,-0.34059582857722404,0.19006791686653712,-0.024932083133462873
2024/06/18 18:09:03,32.25,29.687,-0.7705594288827105,-0.34305942888271046,0.14041301841080445,-0.07458698158919555
2024/06/18 18:10:05,32.312,29.687,-0.8198314349924392,-0.28631143499244327,0.11806831410572476,-0.15025168589427318
2024/06/18 18:11:07,32.312,29.687,-0.8444674380473036,-0.31094743804730773,0.09572360980064507,-0.17259639019935288
2024/06/18 18:12:10,32.25,29.687,-0.84693103835279,-0.41943103835279005,0.1304820387196579,-0.08451796128034209
2024/06/18 18:13:12,32.25,29.625,-0.864176240491195,-0.436676240491195,0.06344792580441883,-0.15155207419558117
2024/06/18 18:14:15,32.25,29.687,-0.8395402374363307,-0.41204023743633067,0.15530948794752425,-0.05969051205247575
2024/06/18 18:15:17,32.312,29.687,-1.0169194594313542,-0.4833994594313583,0.12551654887408467,-0.14280345112591328
2024/06/18 18:16:20,32.25,29.687,-0.947938650877734,-0.520438650877734,0.11806831410572476,-0.09693168589427524
2024/06/18 18:17:22,32.25,29.687,-0.9750382542380848,-0.5475382542380848,0.0982063547234317,-0.1167936452765683
2024/06/18 18:18:25,32.312,29.687,-0.9799654548490576,-0.44644545484906173,0.11806831410572476,-0.15025168589427318
2024/06/18 18:19:27,32.25,29.687,-0.987356255765517,-0.559856255765517,0.02124126211704607,-0.19375873788295392
2024/06/18 18:20:29,32.25,29.687,-0.9972106569874627,-0.5697106569874627,0.16772321256145742,-0.04727678743854258
2024/06/18 18:21:32,32.25,29.687,-1.0267738606533,-0.5992738606532999,0.16772321256145742,-0.04727678743854258
2024/06/18 18:22:34,32.25,29.687,-1.0711186661520558,-0.6436186661520558,0.14786125317916435,-0.06713874682083565
2024/06/18 18:23:37,32.25,29.687,-1.1351722740947032,-0.7076722740947032,0.06344792580441883,-0.15155207419558117
2024/06/18 18:24:39,32.25,29.75,-1.0292374609587864,-0.6017374609587864,0.16275772271588415,-0.052242277284115846
2024/06/18 18:25:42,32.25,29.75,-1.0883638682904608,-0.6608638682904608,0.15530948794752425,-0.05969051205247575
2024/06/18 18:26:44,32.25,29.75,-1.06126426493011,-0.6337642649301101,0.0907581199550718,-0.1242418800449282
2024/06/18 18:27:47,32.187,29.75,-1.105609070428866,-0.78583907042887,0.11062007933736485,-0.05019992066263308
2024/06/18 18:28:49,32.125,29.687,-1.263279489979998,-1.049529489979998,0.0460687113449124,-0.061431288655087596
2024/06/18 18:29:51,32.0,29.625,-1.2657430902854845,-1.2657430902854845,0.018758517194259437,0.018758517194259437
2024/06/18 18:30:54,32.0,29.562,-1.2682066905909708,-1.2682066905909708,-0.015999911724753426,-0.015999911724753426
2024/06/18 18:31:56,31.875,29.437,-1.2312526860086743,-1.4450026860086744,-0.013517166801966794,0.0939828331980332
Taring...
2024/06/18 18:33:02,31.875,29.375,-0.12482241547795561,-0.017092415477957604,0.06179276252265742,0.007612762522658419
2024/06/18 18:34:04,31.75,29.312,0.005748400712825588,-0.1002715992871764,0.014620608989711391,0.0679406089897124
2024/06/18 18:35:07,31.75,29.187,0.04516600560060859,-0.060853994399393395,-0.0822064429989673,-0.028886442998966304
2024/06/18 18:36:09,31.75,29.125,0.08212001018290516,-0.02389998981709683,-0.03255154454323464,0.02076845545676636
2024/06/18 18:37:12,31.75,29.187,0.2028364251517406,0.09681642515173862,-0.11448212699519353,-0.06116212699519253
2024/06/18 18:38:14,31.75,29.125,0.1954456242352813,0.08942562423527932,-0.12441310668634006,-0.07109310668633906
2024/06/18 18:39:17,31.75,29.125,0.2816716349273066,0.17565163492730462,-0.10206840238126036,-0.04874840238125936
2024/06/18 18:40:19,31.75,29.125,0.2594992321779287,0.1534792321779267,-0.0896546777673272,-0.036334677767326205
2024/06/18 18:41:21,31.75,29.187,0.26689003309438797,0.16087003309438597,-0.17158526021928608,-0.11826526021928507
2024/06/18 18:42:24,31.812,29.187,0.3260164404260625,0.3260164404260625,-0.15420604575977967,-0.15420604575977967
2024/06/18 18:43:26,31.812,29.187,0.3481888431754404,0.3481888431754404,-0.1492405559142064,-0.1492405559142064
2024/06/18 18:44:29,31.812,29.187,0.30138043737119813,0.30138043737119813,-0.09710291253568709,-0.09710291253568709
2024/06/18 18:45:31,31.812,29.187,0.30138043737119813,0.30138043737119813,-0.21379192390665885,-0.21379192390665885
2024/06/18 18:46:34,31.812,29.25,0.2767444343163337,0.2767444343163337,-0.09710291253568709,-0.09710291253568709
2024/06/18 18:47:36,31.812,29.25,0.2865988355382795,0.2865988355382795,-0.06979271838503413,-0.06979271838503413
2024/06/18 18:48:39,31.875,29.25,0.2915260361492524,0.39925603614925037,-0.10703389222683363,-0.16121389222683263
2024/06/18 18:49:41,31.875,29.25,0.2619628324834151,0.3696928324834131,-0.14427506606863313,-0.19845506606863214
2024/06/18 18:50:44,31.875,29.25,0.2865988355382795,0.39432883553827747,-0.17655075006485935,-0.23073075006485835
2024/06/18 18:51:46,31.875,29.312,0.2816716349273066,0.3894016349273046,-0.13682683130027323,-0.19100683130027224
2024/06/18 18:52:48,31.875,29.312,0.3506524434809269,0.4583824434809249,-0.21379192390665885,-0.26797192390665786
2024/06/18 18:53:51,31.812,29.312,0.31862563950960315,0.31862563950960315,-0.13186134145469997,-0.13186134145469997
2024/06/18 18:54:53,31.812,29.312,0.2545720315669558,0.2545720315669558,-0.19641270944715242,-0.19641270944715242
2024/06/18 18:55:56,31.875,29.312,0.3112348385931439,0.4189648385931419,-0.15172330083699304,-0.20590330083699204
2024/06/18 18:56:58,31.875,29.375,0.2594992321779287,0.3672292321779267,-0.15172330083699304,-0.20590330083699204
2024/06/18 18:58:01,31.875,29.375,0.2915260361492524,0.39925603614925037,-0.1492405559142064,-0.2034205559142054
2024/06/18 18:59:03,31.937,29.375,0.2471812306504965,0.46093123065049646,-0.08717193284454057,-0.19467193284454057
2024/06/18 19:00:05,31.937,29.437,0.2767444343163337,0.4904944343163337,-0.14427506606863313,-0.25177506606863315
2024/06/18 19:01:08,31.875,29.375,0.2299360285120914,0.33766602851208943,-0.2088264340610856,-0.2630064340610846
2024/06/18 19:02:10,31.875,29.375,0.18066402240236268,0.2883940224023607,-0.14675781099141977,-0.20093781099141877
2024/06/18 19:03:13,31.875,29.437,0.26442643278890154,0.37215643278889954,-0.14675781099141977,-0.20093781099141877
2024/06/18 19:04:15,31.875,29.437,0.14124641751457967,0.24897641751457766,-0.16165428052813954,-0.21583428052813855
2024/06/18 19:05:18,31.937,29.437,0.16095521995847117,0.37470521995847117,-0.15172330083699304,-0.259223300836993
2024/06/18 19:06:20,31.937,29.437,0.20530002545722703,0.419050025457227,-0.16165428052813954,-0.26915428052813956
2024/06/18 19:07:23,31.937,29.437,0.22008162729014566,0.4338316272901457,-0.16910251529649944,-0.27660251529649943
2024/06/18 19:08:25,31.937,29.437,0.2594992321779287,0.4732492321779287,-0.1268958516091267,-0.23439585160912668
2024/06/18 19:09:28,31.937,29.437,0.14863721843103897,0.36238721843103894,-0.1492405559142064,-0.2567405559142064
2024/06/18 19:10:30,31.875,29.437,0.18805482331882198,0.29578482331882,-0.19641270944715242,-0.2505927094471514
2024/06/18 19:11:32,31.937,29.437,0.1560280193474983,0.3697780193474983,-0.2237229035978054,-0.3312229035978054
2024/06/18 19:12:35,31.937,29.437,0.1560280193474983,0.3697780193474983,-0.14675781099141977,-0.25425781099141975
2024/06/18 19:13:37,31.937,29.5,0.20776362576271348,0.42151362576271345,-0.2088264340610856,-0.31632643406108557
2024/06/18 19:14:40,31.937,29.437,0.14124641751457967,0.35499641751457967,-0.17655075006485935,-0.28405075006485936
2024/06/18 19:15:42,31.937,29.437,0.17080962118041693,0.3845596211804169,-0.16910251529649944,-0.27660251529649943
2024/06/18 19:16:45,31.875,29.5,0.07965640987741872,0.18738640987741673,-0.29323976143583114,-0.34741976143583014
2024/06/18 19:17:47,31.875,29.5,0.10182881262679666,0.20955881262679465,-0.2162746688294455,-0.27045466882944447
2024/06/18 19:18:49,31.875,29.437,0.1042924129322831,0.2120224129322811,-0.22868839344337866,-0.28286839344337766
2024/06/18 19:19:52,31.875,29.437,0.05255680651706791,0.16028680651706592,-0.21875741375223212,-0.27293741375223113
2024/06/18 19:20:54,31.875,29.437,0.05994760743352722,0.16767760743352522,-0.2684123122079648,-0.3225923122079638
2024/06/18 19:21:57,31.875,29.437,0.1954456242352813,0.30317562423527933,-0.18399898483321925,-0.23817898483321825
2024/06/18 19:22:59,31.875,29.437,0.0845836104883916,0.1923136104883896,-0.17655075006485935,-0.23073075006485835
2024/06/18 19:24:02,31.812,29.437,0.07472920926644584,0.07472920926644584,-0.2460676079028851,-0.2460676079028851
2024/06/18 19:25:04,31.812,29.437,0.1042924129322831,0.1042924129322831,-0.29572250635861774,-0.29572250635861774
2024/06/18 19:26:07,31.812,29.437,0.06733840834998653,0.06733840834998653,-0.2386193731345252,-0.2386193731345252
2024/06/18 19:27:09,31.812,29.437,0.04023880498963572,0.04023880498963572,-0.3354464251232039,-0.3354464251232039
2024/06/18 19:28:12,31.812,29.437,0.06241120773901366,0.06241120773901366,-0.347860149737137,-0.347860149737137
2024/06/18 19:29:14,31.75,29.437,0.06241120773901366,-0.04360879226098833,-0.31061897589533755,-0.25729897589533657
2024/06/18 19:30:17,31.812,29.375,0.09443801171033735,0.09443801171033735,-0.3528256395827103,-0.3528256395827103
2024/06/18 19:31:19,31.75,29.375,0.04516600560060859,-0.060853994399393395,-0.22620564852059202,-0.17288564852059102
2024/06/18 19:32:21,31.75,29.437,0.06487480804450009,-0.0411451919555019,-0.3379291700459905,-0.2846091700459895
Taring...
2024/06/18 19:33:27,31.812,29.375,-0.016971468771096926,0.08904853122890506,-0.0063447925803262716,-0.05966479258032727
2024/06/18 19:34:29,31.75,29.375,0.037227737949604704,0.037227737949604704,-0.003862047657539638,-0.003862047657539638
2024/06/18 19:35:32,31.75,29.375,0.03969133825509114,0.03969133825509114,0.03337912618425986,0.03337912618425986
2024/06/18 19:36:34,31.687,29.375,-0.026825869993042678,-0.1345558699930407,-0.0460687113449124,0.008111288655086597
2024/06/18 19:37:37,31.687,29.375,-0.016971468771096926,-0.12470146877109493,-0.07089616057277873,-0.016716160572779727
2024/06/18 19:38:39,31.687,29.437,0.05200933978252333,-0.055720660217474675,0.0035861871108202607,0.05776618711081926
2024/06/18 19:39:42,31.687,29.375,-0.012044268160124052,-0.11977426816012206,-0.0386204765765525,0.015559523423446499
2024/06/18 19:40:44,31.625,29.437,0.027373336727658952,-0.18637666327234104,-0.011310282425899537,0.09618971757410046
2024/06/18 19:41:47,31.625,29.375,0.0766453428373877,-0.13710465716261228,-0.10068909964621833,0.006810900353781665
2024/06/18 19:42:49,31.625,29.375,0.07418174253190127,-0.13956825746809873,-0.09324086487785843,0.014259135122141567
2024/06/18 19:43:51,31.625,29.375,0.015055335200226764,-0.19869466479977324,-0.07089616057277873,0.03660383942722127
2024/06/18 19:44:54,31.562,29.312,0.027373336727658952,-0.29410666327233903,-0.10068909964621833,0.06099090035378066
2024/06/18 19:45:56,31.625,29.375,-0.044071072131447744,-0.2578210721314477,-0.06593067072720546,0.04156932927279454
2024/06/18 19:46:59,31.625,29.312,0.012591734894740325,-0.20115826510525966,-0.13544752856523118,-0.02794752856523118
2024/06/18 19:48:01,31.562,29.375,0.06432734130995552,-0.25715265869004245,-0.0609651808816322,0.1007148191183668
2024/06/18 19:49:04,31.562,29.312,-0.021898669382069802,-0.3433786693820678,-0.0982063547234317,0.06347364527656729
2024/06/18 19:50:06,31.562,29.312,0.034764137644118266,-0.2867158623558797,-0.11558556918293812,0.04609443081706087
2024/06/18 19:51:08,31.562,29.312,0.05693654039349621,-0.2645434596065018,-0.14289576333359108,0.01878423666640791
2024/06/18 19:52:11,31.562,29.312,0.08403614375384702,-0.23744385624615097,-0.075861650418352,0.085818349581647
2024/06/18 19:53:13,31.5,29.312,0.012591734894740325,-0.4149082651052597,-0.13296478364244455,0.08203521635755545
2024/06/18 19:54:16,31.562,29.312,0.06925454192092839,-0.2522254580790696,-0.17765419225260395,-0.015974192252604963
2024/06/18 19:55:18,31.5,29.312,-0.019435069076583364,-0.44693506907658337,-0.19006791686653712,0.024932083133462873
2024/06/18 19:56:21,31.5,29.25,0.005200933978281013,-0.42229906602171896,-0.14786125317916435,0.06713874682083565
2024/06/18 19:57:23,31.5,29.312,0.049545739477036894,-0.3779542605229631,-0.15779223287031088,0.05720776712968911
2024/06/18 19:58:26,31.5,29.25,0.08403614375384702,-0.34346385624615294,-0.12303380395129802,0.09196619604870197
2024/06/18 19:59:28,31.5,29.25,0.037227737949604704,-0.3902722620503953,-0.15034399810195098,0.06465600189804901
2024/06/18 20:00:31,31.5,29.25,0.05200933978252333,-0.3754906602174767,-0.17765419225260395,0.03734580774739604
2024/06/18 20:01:33,31.437,29.25,0.10374494619773852,-0.43148505380225943,-0.20744713132604356,0.061732868673955416
2024/06/18 20:02:35,31.437,29.187,0.06186374100446908,-0.4733662589955289,-0.21489536609440346,0.054284633905595514
2024/06/18 20:03:38,31.437,29.187,0.0027373336727945755,-0.5324926663272034,-0.16772321256145742,0.10145678743854156
2024/06/18 20:04:40,31.437,29.187,0.11852654803065715,-0.41670345196934083,-0.18261968209817722,0.08656031790182175
2024/06/18 20:05:43,31.375,29.187,0.0766453428373877,-0.5646046571626123,-0.20496438640325693,0.11753561359674308
2024/06/18 20:06:45,31.312,29.187,0.06186374100446908,-0.6871162589955289,-0.19999889655768366,0.17668110344231536
2024/06/18 20:07:48,31.312,29.125,0.11852654803065715,-0.6304534519693408,-0.23972281532226977,0.13695718467772924
2024/06/18 20:08:50,31.312,29.125,0.10374494619773852,-0.6452350538022594,-0.1950334067121104,0.18164659328788862
2024/06/18 20:09:53,31.25,29.125,0.12099014833614359,-0.7340098516638563,-0.271998499318496,0.15800150068150398
2024/06/18 20:10:55,31.25,29.125,0.0889633443648199,-0.7660366556351801,-0.2744812442412826,0.15551875575871738
2024/06/18 20:11:57,31.25,29.125,0.1480897516964944,-0.7069102483035056,-0.25958477470456287,0.17041522529543712
2024/06/18 20:13:00,31.312,29.125,0.15055335200198083,-0.5984266479980171,-0.19751615163489702,0.179163848365102
2024/06/18 20:14:02,31.25,29.062,0.17765295536233167,-0.6773470446376684,-0.2943432036235757,0.1356567963764243
2024/06/18 20:15:05,31.25,29.062,0.1480897516964944,-0.7069102483035056,-0.31172241808308215,0.11827758191691784
2024/06/18 20:16:07,31.25,29.062,0.23185216208303328,-0.6231478379169667,-0.2620675196273495,0.16793248037265052
2024/06/18 20:17:10,31.187,29.062,0.2589517654433841,-0.7037782345566139,-0.3092396731602955,0.1749403268397035
2024/06/18 20:18:12,31.187,29.062,0.2589517654433841,-0.7037782345566139,-0.36386006146160144,0.12031993853839756
2024/06/18 20:19:15,31.125,29.062,0.2269249614720604,-0.8418250385279397,-0.2918604587007891,0.2456395412992109
2024/06/18 20:20:17,31.125,29.062,0.22446136116657397,-0.8442886388334261,-0.36386006146160144,0.17363993853839854
2024/06/18 20:21:19,31.125,29.062,0.2934421697201942,-0.7753078302798059,-0.34399810207930837,0.1935018979206916
2024/06/18 20:22:22,31.125,29.0,0.24170656330497903,-0.827043436695021,-0.3986184903806143,0.13888150961938567
2024/06/18 20:23:24,31.125,29.0,0.2959057700256807,-0.7728442299743195,-0.3862047657666811,0.15129523423331886
2024/06/18 20:24:27,31.062,29.0,0.34025057552443655,-0.8362294244755615,-0.41103221499454745,0.18064778500545153
2024/06/18 20:25:29,31.062,29.0,0.2269249614720604,-0.9495550385279375,-0.4308941743768405,0.16078582562315846
2024/06/18 20:26:32,31.062,29.0,0.2934421697201942,-0.8830378302798038,-0.36386006146160144,0.22781993853839755
2024/06/18 20:27:34,31.062,28.937,0.3624229782738145,-0.8140570217261835,-0.44082515406798706,0.15085484593201193
2024/06/18 20:28:37,31.062,29.0,0.4166221849945161,-0.7598578150054819,-0.45820436852749347,0.13347563147250552
2024/06/18 20:29:39,31.0,28.937,0.44618538866035334,-0.8363146113396467,-0.5252384814427326,0.11976151855726747
2024/06/18 20:30:42,31.0,28.937,0.34025057552443655,-0.9422494244755635,-0.4184804497629074,0.22651955023709264
2024/06/18 20:31:44,31.0,28.937,0.382131780717706,-0.9003682192822939,-0.39365300053504104,0.251346999464959
2024/06/18 20:32:47,31.0,28.937,0.382131780717706,-0.9003682192822939,-0.4135149599173341,0.2314850400826659
Taring...
2024/06/18 20:33:52,31.062,28.937,-0.038596404785930294,0.1751535952140697,0.057930714865117784,-0.049569285134882214
2024/06/18 20:34:55,30.937,28.875,0.09197441140485091,0.09197441140485091,0.013241306254958386,0.013241306254958386
2024/06/18 20:35:57,30.937,28.875,0.010675601323798464,0.010675601323798464,-0.0016551632817614122,-0.0016551632817614122
2024/06/18 20:37:00,30.875,28.875,0.05994760743352722,-0.04607239256647477,-0.05875829650585397,-0.005438296505852973
2024/06/18 20:38:02,30.875,28.875,0.12646481568166104,0.020444815681659054,-0.11586142972994654,-0.06254142972994553
2024/06/18 20:39:05,30.875,28.875,0.07719280957193228,-0.028827190428069707,-0.1208269195755198,-0.0675069195755188
2024/06/18 20:40:07,30.875,28.875,0.1560280193474983,0.05000801934749631,-0.09351672542486683,-0.04019672542486583
2024/06/18 20:41:10,30.875,28.875,0.15110081873652542,0.045080818736523434,-0.03889633712356091,0.014423662876440091
2024/06/18 20:42:12,30.812,28.812,0.15356441904201185,-0.06018558095798815,-0.05875829650585397,0.04874170349414603
2024/06/18 20:43:15,30.875,28.812,0.19051842362430843,0.08449842362430644,-0.2027575020274787,-0.1494375020274777
2024/06/18 20:44:17,30.812,28.812,0.11414681415422885,-0.09960318584577114,-0.16303358326289255,-0.05553358326289255
2024/06/18 20:45:20,30.75,28.75,0.1831276227078491,-0.1366423772921529,-0.1133786848071599,0.04744131519284109
2024/06/18 20:46:22,30.812,28.75,0.20037282484625416,-0.01337717515374584,-0.10096496019322673,0.006535039806773266
2024/06/18 20:47:24,30.812,28.75,0.2792080346218202,0.0654580346218202,-0.2027575020274787,-0.0952575020274787
2024/06/18 20:48:27,30.75,28.687,0.3087712382876574,-0.010998761712344596,-0.19779201218190542,-0.036972012181904435
2024/06/18 20:49:29,30.75,28.687,0.2471812306504965,-0.0725887693495055,-0.19779201218190542,-0.036972012181904435
2024/06/18 20:50:32,30.687,28.687,0.22008162729014566,-0.20741837270985433,-0.20772299187305196,0.007277008126948037
2024/06/18 20:51:34,30.687,28.687,0.2718172337053609,-0.15568276629463912,-0.17793005279961235,0.03706994720038764
2024/06/18 20:52:37,30.687,28.687,0.23732682942855074,-0.19017317057144925,-0.20524024695026533,0.00975975304973467
2024/06/18 20:53:39,30.687,28.625,0.306307637982171,-0.12119236201782901,-0.10841319496158663,0.10658680503841336
2024/06/18 20:54:42,30.687,28.625,0.3728248462303048,-0.05467515376969517,-0.2846880844794376,-0.06968808447943761
2024/06/18 20:55:44,30.687,28.625,0.4196332520345471,-0.007866747965452892,-0.21268848171862523,0.0023115182813747692
2024/06/18 20:56:47,30.625,28.625,0.37775204684127767,-0.15576795315872433,-0.26730887001993114,0.001011129980069858
2024/06/18 20:57:49,30.625,28.562,0.46890525814427586,-0.06461474185572613,-0.3095155337073039,-0.04119553370730289
2024/06/18 20:58:52,30.562,28.562,0.5181772642540047,-0.12307273574599531,-0.2623433801743579,0.06015661982564213
2024/06/18 20:59:54,30.562,28.562,0.525568065170464,-0.11568193482953604,-0.26730887001993114,0.055191129980068865
2024/06/18 21:00:56,30.562,28.562,0.5107864633375453,-0.1304635366624547,-0.3467567075491034,-0.024256707549103418
2024/06/18 21:01:59,30.562,28.562,0.5674492703637334,-0.0738007296362666,-0.302067298938944,0.02043270106105599
2024/06/18 21:03:02,30.5,28.5,0.5403496670033826,-0.20692033299661938,-0.3194465133984504,0.05637348660155056
2024/06/18 21:04:04,30.5,28.5,0.5181772642540047,-0.2290927357459973,-0.31199827863009055,0.06382172136991043
2024/06/18 21:05:07,30.5,28.5,0.503395662421086,-0.24387433757891597,-0.3393084727807435,0.03651152721925749
2024/06/18 21:06:09,30.437,28.5,0.5625220697527605,-0.29247793024723945,-0.4063425856959826,0.02365741430401741
2024/06/18 21:07:11,30.5,28.437,0.6881656853325688,-0.059104314667433155,-0.4957214029163014,-0.11990140291630041
2024/06/18 21:08:14,30.437,28.437,0.6635296822777045,-0.1914703177222955,-0.4659284638428618,-0.0359284638428618
2024/06/18 21:09:16,30.437,28.437,0.5846944725021385,-0.2703055274978615,-0.3542049423174633,0.07579505768253669
2024/06/18 21:10:19,30.437,28.437,0.6659932825831909,-0.18900671741680908,-0.3988943509276227,0.031105649072377284
2024/06/18 21:11:21,30.437,28.375,0.7054108874709739,-0.14958911252902607,-0.4063425856959826,0.02365741430401741
2024/06/18 21:12:23,30.375,28.375,0.7448284923587569,-0.21619150764124506,-0.4187563103099158,0.06456368969008519
2024/06/18 21:13:26,30.437,28.375,0.7103380880819468,-0.14466191191805322,-0.45599748415171526,-0.025997484151715267
2024/06/18 21:14:28,30.375,28.375,0.7374376914422975,-0.22358230855770445,-0.451031994306142,0.03228800569385898
2024/06/18 21:15:31,30.375,28.375,0.8088821003014043,-0.1521378996985977,-0.44110101461499546,0.042218985385005514
2024/06/18 21:16:33,30.312,28.375,0.801491299384945,-0.2672587006150551,-0.5180661072213811,0.019433892778618844
2024/06/18 21:17:36,30.312,28.312,0.8556905061056466,-0.21305949389435352,-0.4634457189200752,0.07405428107992479
2024/06/18 21:18:38,30.312,28.312,0.8310545030507822,-0.23769549694921788,-0.5180661072213811,0.019433892778618844
2024/06/18 21:19:41,30.25,28.312,0.9517709180196177,-0.2229990819803842,-0.5379280666036742,0.05289193339632681
2024/06/18 21:20:43,30.25,28.312,0.897571711298916,-0.27719828870108587,-0.5900657099821934,0.0007542900178075795
2024/06/18 21:21:45,30.25,28.25,0.9148169134373211,-0.2599530865626808,-0.5428935564492474,0.047926443550753595
2024/06/18 21:22:48,30.25,28.25,1.0084337250458058,-0.16633627495419612,-0.6546170779746459,-0.06379707797464484
2024/06/18 21:23:50,30.25,28.25,0.9690161201580227,-0.20575387984197913,-0.5776519853682602,0.013168014631740776
2024/06/18 21:24:53,30.187,28.25,0.9985793238238599,-0.28392067617614003,-0.6074449244416998,0.03755507555830018
2024/06/18 21:25:55,30.187,28.187,1.003506524434833,-0.27899347556516707,-0.6248241389012064,0.020175861098793657
2024/06/18 21:26:58,30.125,28.187,1.0552421308500481,-0.33327786914995383,-0.6372378635151394,0.06108213648486149
