Time,Tamb,Tparrot,wt56 unadj,wt56 adj,wt2425 unadj,wt2425 adj
2024/06/18 21:28:10,30.187,28.187,-0.02436226968755624,0.05623773031244528,0.007448234768359899,-0.0458717652316411
2024/06/18 21:29:12,30.125,28.187,0.05200933978252333,0.05200933978252333,-0.09682705198867869,-0.09682705198867869
2024/06/18 21:30:15,30.062,28.125,0.07418174253190127,-0.00771825746809722,-0.07448234768359899,-0.020302347683599987
2024/06/18 21:31:17,30.0,28.125,0.07418174253190127,-0.08831825746809874,-0.08441332737474552,0.023086672625254476
2024/06/18 21:32:20,30.0,28.062,0.11359934741968428,-0.04890065258031573,-0.09930979691146533,0.008190203088534673
2024/06/18 21:33:22,30.0,28.062,0.2072161590281689,0.04471615902816889,-0.09930979691146533,0.008190203088534673
2024/06/18 21:34:25,30.0,28.062,0.1554805526129537,-0.007019447387046296,-0.062068623069665825,0.04543137693033417
2024/06/18 21:35:27,29.937,28.0,0.22199776086108752,-0.022402239138910984,-0.11917175629375838,0.04250824370624061
2024/06/18 21:36:29,29.937,28.0,0.2909785694147078,0.04657856941470928,-0.13158548090769157,0.030094519092307426
2024/06/18 21:37:32,29.937,28.0,0.2712697669708163,0.026869766970817777,-0.1588956750583445,0.0027843249416544813
2024/06/18 21:38:34,29.937,27.937,0.30822377155311287,0.06382377155311436,-0.1737921445950643,-0.012112144595065322
2024/06/18 21:39:37,29.937,28.0,0.2515609645269248,0.007160964526926272,-0.10179254183425196,0.05988745816574703
2024/06/18 21:40:39,29.937,28.0,0.3845953810231924,0.1401953810231939,-0.20358508366850392,-0.04190508366850493
2024/06/18 21:41:42,29.937,27.937,0.37966818041221956,0.13526818041222105,-0.16137841998113114,0.00030158001886784747
2024/06/18 21:42:44,29.812,27.937,0.35995937796832805,-0.04694062203167043,-0.18620586920899748,0.0829741307910015
2024/06/18 21:43:47,29.875,27.937,0.382131780717706,0.05713178071770597,-0.2408262575103034,-0.025826257510303402
2024/06/18 21:44:49,29.812,27.937,0.4437217883548669,0.036821788354868434,-0.20606782859129055,0.06311217140870842
2024/06/18 21:45:52,29.812,27.937,0.4412581880493805,0.03435818804938201,-0.28303292119767615,-0.01385292119767717
2024/06/18 21:46:54,29.812,27.875,0.5373385999633515,0.13043859996335305,-0.26317096181538313,0.006009038184615845
2024/06/18 21:47:57,29.812,27.875,0.48313939324264993,0.07623939324265144,-0.23586076766473013,0.033319232335268845
2024/06/18 21:48:59,29.75,27.875,0.5644382033237024,0.07693820332370238,-0.3053776255027559,0.01712237449724413
2024/06/18 21:50:01,29.75,27.875,0.5644382033237024,0.07693820332370238,-0.2532399821242366,0.06926001787576341
2024/06/18 21:51:04,29.75,27.875,0.5669018036291888,0.0794018036291888,-0.317791350116689,0.004708649883310989
2024/06/18 21:52:06,29.75,27.875,0.618637410044404,0.13113741004440393,-0.2879984110432494,0.034501588956750595
2024/06/18 21:53:09,29.687,27.875,0.5841470057675939,0.014747005767595467,-0.38730820795471477,-0.010628207954715752
2024/06/18 21:54:11,29.75,27.812,0.7541354268461581,0.26663542684615804,-0.34013605442176875,-0.017636054421768743
2024/06/18 21:55:14,29.687,27.812,0.6851546182925379,0.11575461829253941,-0.345101544267342,0.031578455732656996
2024/06/18 21:56:16,29.687,27.812,0.7196450225693479,0.15024502256934946,-0.3599980138040618,0.016681986195937193
2024/06/18 21:57:19,29.687,27.812,0.7713806289845632,0.2019806289845647,-0.39227369780028803,-0.01559369780028902
2024/06/18 21:58:21,29.687,27.812,0.7836986305119953,0.21429863051199682,-0.35503252395848856,0.02164747604151046
2024/06/18 21:59:24,29.687,27.75,0.7738442292900496,0.20444422929005113,-0.5213764337851929,-0.14469643378519392
2024/06/18 22:00:26,29.625,27.75,0.8009438326504004,0.15094383265040034,-0.4816525150206068,-0.051652515020606804
2024/06/18 22:01:28,29.625,27.687,0.8305070363162377,0.18050703631623766,-0.40965291225979444,0.02034708774020555
2024/06/18 22:02:31,29.625,27.687,0.8674610408985343,0.21746104089853424,-0.4419285962560207,-0.011928596256020718
2024/06/18 22:03:33,29.625,27.687,0.8699246412040207,0.21992464120402067,-0.4295148716420875,0.00048512835791247877
2024/06/18 22:04:36,29.562,27.687,0.8871698433424258,0.15526984334242722,-0.47172153532946026,0.012458464670538738
2024/06/18 22:05:38,29.562,27.687,0.9832502552563968,0.2513502552563982,-0.5188936888624063,-0.03471368886240728
2024/06/18 22:06:41,29.562,27.687,0.9536870515905596,0.221787051590561,-0.5735140771637123,-0.08933407716371328
2024/06/18 22:07:43,29.562,27.625,0.9536870515905596,0.221787051590561,-0.5511693728586325,-0.06698937285863354
2024/06/18 22:08:45,29.5,27.625,1.0029590577002883,0.19045905770028826,-0.5362729033219128,0.0012270966780871806
2024/06/18 22:09:48,29.562,27.625,1.0325222613661256,0.300622261366127,-0.5586176076269924,-0.07443760762699342
2024/06/18 22:10:50,29.5,27.562,1.0645490653374492,0.2520490653374492,-0.5139281990168331,0.023571800983166913
2024/06/18 22:11:53,29.5,27.562,1.1039666702252322,0.2914666702252322,-0.49158349471175333,0.045916505288246645
2024/06/18 22:12:55,29.5,27.562,1.039913062282585,0.22741306228258495,-0.5660658423953523,-0.028565842395352314
2024/06/18 22:13:58,29.437,27.562,1.113821071447178,0.21942107144717937,-0.5213764337851929,0.07030356621480605
2024/06/18 22:15:00,29.437,27.562,1.0645490653374492,0.17014906533745067,-0.5908932916232187,0.0007867083767802985
2024/06/18 22:16:03,29.437,27.5,1.1852654803062848,0.29086548030628623,-0.5164109439396197,0.07526905606037926
2024/06/18 22:17:05,29.5,27.5,1.1507750760294746,0.3382750760294746,-0.5983415263915786,-0.06084152639157858
2024/06/18 22:18:07,29.437,27.5,1.187729080611771,0.29332908061177254,-0.682754853766324,-0.09107485376632507
2024/06/18 22:19:10,29.437,27.5,1.2246830851940678,0.33028308519406924,-0.5958587814687919,-0.004178781468792914
2024/06/18 22:20:12,29.375,27.437,1.3158362964970658,0.3408362964970657,-0.7001340682258306,-0.05513406822583056
2024/06/18 22:21:15,29.375,27.5,1.27149149099831,0.29649149099830985,-0.6529619146928844,-0.007961914692884431
2024/06/18 22:22:17,29.312,27.437,1.328154298024498,0.2712542980244994,-0.6951685783802573,0.004011421619741773
2024/06/18 22:23:20,29.375,27.437,1.3651083026067947,0.39010830260679463,-0.6380654451561647,0.006934554843835317
2024/06/18 22:24:22,29.312,27.437,1.3084454955806066,0.251545495580608,-0.7597199463727097,-0.06053994637271065
2024/06/18 22:25:25,29.312,27.375,1.3798899044397133,0.32298990443971465,-0.7299270072992701,-0.030747007299271045
2024/06/18 22:26:27,29.312,27.375,1.4143803087165234,0.3574803087165248,-0.7671681811410697,-0.06798818114107064
2024/06/18 22:27:30,29.312,27.375,1.3848171050506861,0.3279171050506875,-0.7770991608322162,-0.07791916083221717
2024/06/18 22:28:32,29.25,27.375,1.4661159151317387,0.3286159151317387,-0.7423407319132033,0.01015926808679668
2024/06/18 22:29:34,29.25,27.375,1.5104607206304945,0.37296072063049457,-0.7671681811410697,-0.014668181141069714
2024/06/18 22:30:37,29.25,27.312,1.4439435123823607,0.3064435123823608,-0.7522717116043498,0.0002282883956501447
2024/06/18 22:31:39,29.187,27.312,1.5424875246018181,0.32308752460181966,-0.7845473956005761,0.022132604399422884
2024/06/18 22:32:42,29.187,27.312,1.5129243209359808,0.29352432093598235,-0.7150305377625503,0.09164946223744863
2024/06/18 22:33:44,29.187,27.312,1.48582471757563,0.2664247175756316,-0.839167783901882,-0.032487783901883005
2024/06/18 22:34:47,29.187,27.312,1.5720507282676555,0.352650728267657,-0.8540642534386018,-0.047384253438602864
2024/06/18 22:35:49,29.187,27.25,1.604077532238979,0.3846775322389806,-0.8242713143651622,-0.017591314365163258
2024/06/18 22:36:52,29.187,27.25,1.5597327267402232,0.34033272674022474,-0.7994438651372958,0.007236134862703136
2024/06/18 22:37:54,29.187,27.25,1.6730583407925994,0.4536583407926009,-0.8342022940563087,-0.027522294056309793
2024/06/18 22:38:57,29.125,27.25,1.6163955337664113,0.3163955337664113,-0.7795819057550027,0.08041809424499724
2024/06/18 22:39:59,29.125,27.25,1.7026215444584365,0.40262154445843645,-0.8143403346740157,0.04565966532598431
2024/06/18 22:41:01,29.125,27.187,1.7987019563724076,0.49870195637240755,-0.8962709171259745,-0.03627091712597452
2024/06/18 22:42:04,29.062,27.187,1.6755219410980857,0.29362194109808715,-0.8987536620487612,0.015426337951237823
2024/06/18 22:43:06,29.125,27.187,1.7149395459858687,0.4149395459858687,-0.8888226823576146,-0.02882268235761465
2024/06/18 22:44:09,29.062,27.125,1.744502749651706,0.36260274965170747,-0.9508913054272805,-0.036711305427281515
2024/06/18 22:45:11,29.0,27.187,1.766675152401084,0.30417515240108384,-0.859029743284175,0.108470256715825
2024/06/18 22:46:14,29.0,27.125,1.8726099655370008,0.41010996553700063,-0.9484085605044938,0.01909143949550618
2024/06/18 22:47:16,29.0,27.125,1.7617479517901111,0.299247951790111,-0.9260638561994141,0.04143614380058591
2024/06/18 22:48:19,29.0,27.125,1.867682764926028,0.4051827649260278,-0.9359948358905607,0.031505164109439376
2024/06/18 22:49:21,29.0,27.062,1.9982535811168092,0.535753581116809,-0.940960325736134,0.026539674263866053
2024/06/18 22:50:24,28.937,27.062,1.8972459685918652,0.3528459685918668,-0.9806842445007201,0.04099575549927892
2024/06/18 22:51:26,28.937,27.062,2.05984358875397,0.5154435887539714,-0.9657877749640003,0.05589222503599878
2024/06/18 22:52:29,28.937,27.062,2.0056443820332683,0.4612443820332699,-1.0452356124931725,-0.023555612493173506
2024/06/18 22:53:31,28.937,27.0,2.0894067924198074,0.545006792419809,-1.0154426734197328,0.0062373265802662115
2024/06/18 22:54:34,28.937,27.062,1.9711539777564584,0.42675397775645996,-1.0502011023387459,-0.02852110233874683
2024/06/18 22:55:36,28.937,27.0,2.0253531844771597,0.4809531844771613,-1.0502011023387459,-0.02852110233874683
2024/06/18 22:56:38,28.875,27.0,2.111579195169185,0.48657919516918513,-1.075028551566612,-2.855156661207836e-05
2024/06/18 22:57:41,28.875,27.0,2.1460695994459953,0.5210695994459953,-1.082476786334972,-0.007476786334972063
2024/06/18 22:58:43,28.875,26.937,2.1017247939472394,0.47672479394723943,-0.9955807140374399,0.0794192859625601
2024/06/18 22:59:46,28.875,27.0,2.155924000667941,0.530924000667941,-1.1246834500223448,-0.049683450022344866
2024/06/18 23:00:48,28.812,26.937,2.077088790892375,0.37018879089237644,-1.0204081632653061,0.10877183673469282
2024/06/18 23:01:51,28.875,26.937,2.096797593336267,0.4717975933362668,-1.1321316847907046,-0.05713168479070463
2024/06/18 23:02:53,28.812,26.937,2.2495408122764258,0.5426408122764272,-1.1246834500223448,0.004496549977654141
2024/06/18 23:03:56,28.812,26.875,2.301276418691641,0.5943764186916425,-1.1172352152539848,0.011944784746014125
2024/06/18 23:04:58,28.812,26.875,2.256931613192885,0.5500316131928866,-1.0328218878792395,0.09635811212075951
2024/06/18 23:06:01,28.75,26.875,2.35054842480137,0.5630484248013699,-1.144545409404638,0.03795459059536199
2024/06/18 23:07:03,28.75,26.875,2.279104015942263,0.4916040159422628,-1.1222007050995582,0.060299294900441724
2024/06/18 23:08:05,28.75,26.812,2.288958417164209,0.5014584171642089,-1.1594418789413576,0.023058121058642245
2024/06/18 23:09:08,28.75,26.875,2.3554756254123426,0.5679756254123425,-1.1793038383236507,0.003196161676349174
2024/06/18 23:10:10,28.687,26.812,2.3677936269397746,0.49839362693977596,-1.137097174636278,0.09958282536372098
2024/06/18 23:11:13,28.687,26.812,2.3875024293836664,0.5181024293836678,-1.2190277570882369,0.01765224291176204
2024/06/18 23:12:15,28.687,26.75,2.392429629994639,0.5230296299946404,-1.2413724613933166,-0.004692461393317693
2024/06/18 23:13:18,28.625,26.75,2.412138432438531,0.4621384324385307,-1.1793038383236507,0.11069616167634933
2024/06/18 23:14:20,28.625,26.75,2.4392380357988817,0.4892380357988815,-1.2090967773970902,0.08090322260290983
2024/06/18 23:15:23,28.625,26.75,2.493437242519583,0.543437242519583,-1.24633795123889,0.04366204876111013
2024/06/18 23:16:25,28.625,26.75,2.555027250156744,0.605027250156744,-1.2066140324743038,0.08338596752569627
2024/06/18 23:17:28,28.625,26.75,2.476192040381178,0.526192040381178,-1.3555787278415017,-0.06557872784150165
2024/06/18 23:18:30,28.625,26.687,2.4835828412976375,0.5335828412976373,-1.2835791250806894,0.0064208749193106485
2024/06/18 23:19:32,28.625,26.687,2.5698088519896625,0.6198088519896623,-1.2885446149262625,0.0014553850737375473
2024/06/18 23:20:35,28.562,26.687,2.6240080587103645,0.592108058710366,-1.3357167684592086,0.008463231540790428
2024/06/18 23:21:37,28.562,26.625,2.5993720556555,0.5674720556555015,-1.353095982918715,-0.008915982918715981
2024/06/18 23:22:40,28.5,26.625,2.5476364492402848,0.4351364492402845,-1.3381995133819953,0.05930048661800469
2024/06/18 23:23:42,28.5,26.625,2.7373336727627406,0.6248336727627404,-1.340682258304782,0.05681774169521803
2024/06/18 23:24:45,28.5,26.625,2.631398859626824,0.5188988596268236,-1.360544217687075,0.036955782312924956
2024/06/18 23:25:47,28.5,26.562,2.7496516742901727,0.6371516742901724,-1.380406177069368,0.017093822930631886
2024/06/18 23:26:50,28.5,26.625,2.7151612700133625,0.6026612700133622,-1.380406177069368,0.017093822930631886
2024/06/18 23:27:52,28.5,26.562,2.752115274595659,0.6396152745956587,-1.4821987189036199,-0.08469871890361991
Taring...
2024/06/18 23:28:58,28.5,26.562,-0.009580667854637613,0.07231933214536088,-0.05875829650585397,-0.11293829650585296
2024/06/18 23:30:01,28.437,26.562,0.02983693703314539,0.02983693703314539,0.03558601056003809,0.03558601056003809
2024/06/18 23:31:03,28.375,26.5,0.05940014069898264,-0.021199859301018878,-0.05875829650585397,-0.005438296505852973
2024/06/18 23:32:05,28.375,26.562,0.05200933978252333,-0.028590660217478185,-0.06620653127421387,-0.012886531274212874
2024/06/18 23:33:08,28.437,26.5,0.10620854650322496,0.10620854650322496,-0.026482612509627742,-0.026482612509627742
2024/06/18 23:34:11,28.375,26.5,0.03969133825509114,-0.040908661744910375,-0.07117202111978714,-0.017852021119786142
2024/06/18 23:35:13,28.375,26.5,0.1086721468087114,0.028072146808709883,-0.10096496019322673,-0.047644960193225734
2024/06/18 23:36:15,28.375,26.437,0.18997095688976384,0.10937095688976232,-0.10841319496158663,-0.055093194961585636
2024/06/18 23:37:18,28.312,26.437,0.22199776086108752,0.05949776086108752,-0.08358574573372031,0.02391425426627969
2024/06/18 23:38:20,28.312,26.437,0.23431576238851973,0.07181576238851972,-0.1357233891122396,-0.028223389112239608
2024/06/18 23:39:23,28.312,26.437,0.1998253581117096,0.03732535811170959,-0.1282751543438797,-0.020775154343879706
2024/06/18 23:40:25,28.312,26.437,0.2589517654433841,0.0964517654433841,-0.15310260357174604,-0.045602603571746045
2024/06/18 23:41:28,28.25,26.375,0.3057601712476264,0.06266017124762488,-0.12330966449830644,0.03751033550169455
2024/06/18 23:42:31,28.25,26.375,0.3131509721640857,0.07005097216408421,-0.10344770511601337,0.05737229488398762
2024/06/18 23:43:33,28.187,26.375,0.3377869752189501,0.012786975218950114,-0.16799907310846582,0.04700092689153418
2024/06/18 23:44:36,28.187,26.375,0.3106873718585993,-0.014312628141400718,-0.19034377741354552,0.024656222586454474
2024/06/18 23:45:38,28.187,26.312,0.41169498438354324,0.08669498438354323,-0.16799907310846582,0.04700092689153418
2024/06/18 23:46:41,28.187,26.312,0.3895225816341653,0.0645225816341653,-0.20772299187305196,0.007277008126948037
2024/06/18 23:47:43,28.125,26.312,0.48560299354813635,0.08000299354813484,-0.16303358326289255,0.10528641673710845
2024/06/18 23:48:46,28.187,26.312,0.4732849920207042,0.14828499202070416,-0.23503318602370493,-0.020033186023704935
2024/06/18 23:49:48,28.187,26.312,0.4782121926316771,0.15321219263167707,-0.16303358326289255,0.051966416737107446
2024/06/18 23:50:51,28.125,26.25,0.5693654039346753,0.16376540393467376,-0.33434298293517023,-0.06602298293516923
2024/06/18 23:51:53,28.125,26.312,0.5693654039346753,0.16376540393467376,-0.2871708294022242,-0.018850829402223213
2024/06/18 23:52:56,28.062,26.25,0.5816834054621074,0.09418340546210735,-0.2747571047882911,0.047742895211708936
2024/06/18 23:53:58,28.062,26.25,0.5324113993523787,0.044911399352378645,-0.2251022063325584,0.09739779366744161
2024/06/18 23:55:01,28.062,26.25,0.5200933978249465,0.03259339782494641,-0.31448102355287716,0.00801897644712285
2024/06/18 23:56:03,28.062,26.25,0.6235646106553768,0.13606461065537678,-0.3691014118541831,-0.046601411854183095
2024/06/18 23:57:06,28.062,26.25,0.6555914146267006,0.16809141462670052,-0.302067298938944,0.02043270106105599
2024/06/18 23:58:08,28.062,26.187,0.6777638173760785,0.19026381737607845,-0.2946190641705841,0.02788093582941592
2024/06/18 23:59:11,28.0,26.187,0.6629822155431598,0.09488221554315834,-0.2499296555604247,0.12589034443957628
2024/06/19 00:00:13,28.0,26.187,0.7270358234858073,0.15893582348580582,-0.35917043216303657,0.01664956783696442
2024/06/19 00:01:15,27.937,26.125,0.7122542216528887,0.06225422165288863,-0.31199827863009055,0.11800172136990944
2024/06/19 00:02:18,27.937,26.125,0.7689170286790767,0.11891702867907672,-0.36165317708582323,0.06834682291417676
2024/06/19 00:03:20,27.937,26.125,0.6999362201254564,0.0499362201254564,-0.36413592200860984,0.06586407799139016
2024/06/19 00:04:23,27.937,26.125,0.8452886381491562,0.1952886381491562,-0.32689474816681036,0.10310525183318964
2024/06/19 00:05:25,27.937,26.062,0.8009438326504004,0.15094383265040034,-0.3691014118541831,0.06089858814581689
2024/06/19 00:06:28,27.875,26.125,0.8034074329558868,0.07280743295588521,-0.4957214029163014,-0.01240140291630043
2024/06/19 00:07:30,27.937,26.062,0.916733047008263,0.26673304700826295,-0.42620454507827565,0.0037954549217243394
2024/06/19 00:08:33,27.875,26.0,0.8994878448698579,0.1688878448698563,-0.40882533061876924,0.07449466938123173
2024/06/19 00:09:35,27.875,26.0,0.9586142522015324,0.22801425220153082,-0.48827316814794147,-0.004953168147940501
2024/06/19 00:10:38,27.875,26.0,0.9980318570893154,0.26743185708931383,-0.40882533061876924,0.07449466938123173
2024/06/19 00:11:40,27.812,26.0,0.9364418494521545,0.12394184945215447,-0.4833076783023682,0.05419232169763177
2024/06/19 00:12:42,27.875,26.0,0.9389054497576409,0.20830544975763932,-0.46841120876564846,0.014908791234352514
2024/06/19 00:13:45,27.812,26.0,0.9832502552563968,0.17075025525639675,-0.5404108115264608,-0.002910811526460777
2024/06/19 00:14:47,27.812,26.0,0.995568256783829,0.183068256783829,-0.49075591307072813,0.046744086929271844
2024/06/19 00:15:50,27.812,25.937,1.079330667170368,0.26683066717036796,-0.47089395368843506,0.06660604631156491
2024/06/19 00:16:52,27.75,25.937,0.9980318570893154,0.10493185708931385,-0.5106178724530211,0.08020212754697986
2024/06/19 00:17:54,27.75,25.937,1.069476265948422,0.17637626594842049,-0.5577900259859673,0.033029974014033736
2024/06/19 00:18:57,27.75,25.937,1.079330667170368,0.1862306671703664,-0.5404108115264608,0.050409188473540256
2024/06/19 00:19:59,27.687,25.875,1.192656281222744,0.21765628122274383,-0.5776519853682602,0.06734801463173978
2024/06/19 00:21:02,27.75,25.937,1.1729474787788525,0.27984747877885097,-0.5702037505999004,0.02061624940010065
2024/06/19 00:22:04,27.687,25.875,1.2148286839721218,0.23982868397212176,-0.5503417912176073,0.09465820878239273
2024/06/19 00:23:07,27.687,25.875,1.2788822919147693,0.30388229191476923,-0.5652382607543271,0.07976173924567287
2024/06/19 00:24:09,27.687,25.875,1.2641006900818508,0.2891006900818507,-0.6769617822797256,-0.03196178227972557
2024/06/19 00:25:12,27.625,25.812,1.2616370897763642,0.2060370897763626,-0.6049621795189133,0.09335782048108765
2024/06/19 00:26:14,27.625,25.812,1.328154298024498,0.2725542980244964,-0.6446860982834994,0.05363390171650151
2024/06/19 00:27:17,27.687,25.812,1.232073886110527,0.25707388611052684,-0.6148931592100598,0.030106840789940192
2024/06/19 00:28:19,27.625,25.75,1.2345374864160135,0.17893748641601182,-0.6570998228974325,0.04122017710256842
Taring...
2024/06/19 00:29:25,27.687,25.812,-0.018066402240257778,0.06253359775974374,-0.020689541023318287,-0.07400954102331929
2024/06/19 00:30:27,27.562,25.75,-0.0032848004073391503,-0.08518480040733764,-0.12496482778035688,-0.07078482778035788
2024/06/19 00:31:30,27.625,25.75,0.02874200356398454,0.02874200356398454,-0.04799973517397125,-0.04799973517397125
2024/06/19 00:32:32,27.562,25.75,0.04845080600787604,-0.03344919399212245,-0.06786169455626431,-0.013681694556265313
2024/06/19 00:33:35,27.562,25.75,0.10265001272857767,0.02075001272857918,-0.03558601056003809,0.018593989439960913
2024/06/19 00:34:37,27.562,25.75,0.12728601578344204,0.04538601578344355,-0.023172285946104917,0.031007714053894082
2024/06/19 00:35:39,27.5,25.75,0.08047760997919973,-0.08202239002080028,-0.052965225019544517,0.05453477498045548
2024/06/19 00:36:42,27.5,25.687,0.11989521486698274,-0.04260478513301727,-0.18455070592723608,-0.07705070592723608
2024/06/19 00:37:44,27.5,25.687,0.13960401731087424,-0.022895982689125766,-0.1870334508500227,-0.07953345085002271
2024/06/19 00:38:47,27.5,25.687,0.188876023420603,0.026376023420602995,-0.1572405117765831,-0.049740511776583105
2024/06/19 00:39:49,27.5,25.687,0.19133962372608943,0.02883962372608942,-0.09517188870691727,0.012328111293082727
2024/06/19 00:40:52,27.5,25.625,0.18394882280963012,0.02144882280963012,-0.10758561332085044,-8.561332085044171e-05
2024/06/19 00:41:54,27.5,25.625,0.1962668243370623,0.033766824337062296,-0.14730953208543657,-0.03980953208543657
2024/06/19 00:42:56,27.437,25.625,0.23322082891935886,-0.01117917108063965,-0.1497922770082232,0.01188772299177579
2024/06/19 00:43:59,27.375,25.625,0.3342284414443028,0.009228441444302793,-0.15227502193100984,0.06272497806899016
2024/06/19 00:45:01,27.375,25.625,0.3169832393058978,-0.008016760694102232,-0.20937815515510239,0.005621844844897611
2024/06/19 00:46:04,27.437,25.562,0.3711824460265994,0.12678244602660088,-0.21930913484624892,-0.05762913484624993
2024/06/19 00:47:06,27.375,25.562,0.36132804480465364,0.036328044804653625,-0.21434364500067565,0.0006563549993243434
2024/06/19 00:48:09,27.375,25.562,0.346546442971735,0.02154644297173497,-0.21434364500067565,0.0006563549993243434
2024/06/19 00:49:11,27.375,25.562,0.38103684724854514,0.05603684724854513,-0.21186090007788902,0.003139099922110977
2024/06/19 00:50:14,27.312,25.5,0.40074564969243665,-0.00615435030756184,-0.29379148252984794,-0.02461148252984896
2024/06/19 00:51:16,27.312,25.5,0.43769965427473323,0.030799654274734745,-0.22179187976903555,0.04738812023096342
2024/06/19 00:52:19,27.312,25.5,0.45494485641313825,0.04804485641313977,-0.3359981462172207,-0.06681814621722171
2024/06/19 00:53:21,27.312,25.5,0.5707340707710008,0.16383407077100232,-0.25903305361083506,0.010146946389163913
2024/06/19 00:54:23,27.312,25.437,0.5337800661887043,0.12688006618870584,-0.23668834930575536,0.03249165069424362
2024/06/19 00:55:26,27.312,25.437,0.5165348640502992,0.10963486405030076,-0.33848089114000735,-0.06930089114000837
2024/06/19 00:56:28,27.312,25.437,0.5165348640502992,0.10963486405030076,-0.2689640333019816,0.000215966698017378
2024/06/19 00:57:31,27.312,25.437,0.5953700738258653,0.18847007382586678,-0.3186189317577143,-0.0494389317577153
2024/06/19 00:58:33,27.312,25.437,0.5756612713819738,0.16876127138197528,-0.360825595445087,-0.09164559544508805
2024/06/19 00:59:36,27.25,25.437,0.5608796695490551,0.07337966954905506,-0.30868795206656774,0.01381204793343227
2024/06/19 01:00:38,27.25,25.437,0.6372512790191347,0.14975127901913465,-0.3508946157539405,-0.028394615753940478
2024/06/19 01:01:41,27.25,25.375,0.6175424765752432,0.13004247657524315,-0.3359981462172207,-0.013498146217220675
2024/06/19 01:02:43,27.25,25.437,0.7086956878782413,0.2211956878782413,-0.3012397172982078,0.0212602827017922
2024/06/19 01:03:46,27.187,25.375,0.7333316909331057,0.16393169093310722,-0.35586010559951375,0.02081989440048526
2024/06/19 01:04:48,27.187,25.437,0.7555040936824837,0.18610409368248526,-0.3757220649818068,0.0009579350181921908
2024/06/19 01:05:51,27.187,25.375,0.7505768930715108,0.1811768930715123,-0.3980667692868865,-0.021386769286887486
2024/06/19 01:06:53,27.187,25.312,0.7998488991812396,0.23044889918124112,-0.37075657513623356,0.0059234248637654585
2024/06/19 01:07:55,27.187,25.375,0.6963776863508092,0.12697768635081075,-0.4576526474337657,-0.0809726474337667
2024/06/19 01:08:58,27.187,25.312,0.8368029037635362,0.2674029037635377,-0.44027343297425925,-0.06359343297426023
2024/06/19 01:10:00,27.125,25.312,0.7924580982647802,0.14245809826478018,-0.45268715758819245,-0.022687157588192453
2024/06/19 01:11:03,27.125,25.312,0.8737569083458326,0.22375690834583262,-0.45268715758819245,-0.022687157588192453
2024/06/19 01:12:05,27.125,25.312,0.9230289144555615,0.27302891445556143,-0.49737656619835185,-0.06737656619835186
2024/06/19 01:13:08,27.125,25.312,0.8368029037635362,0.18680290376353614,-0.4427561778970459,-0.012756177897045917
2024/06/19 01:14:10,27.062,25.25,0.90332011201167,0.1714201120116714,-0.5073075458894983,-0.023127545889499335
2024/06/19 01:15:13,27.062,25.25,0.9649101196488309,0.23301011964883234,-0.48496284158441866,-0.0007828415844196579
2024/06/19 01:16:15,27.062,25.25,0.9304197153720207,0.19851971537202218,-0.5073075458894983,-0.023127545889499335
2024/06/19 01:17:18,27.0,25.25,0.9870825223982088,0.17458252239820882,-0.5197212705034315,0.017778729496568446
2024/06/19 01:18:20,27.062,25.187,0.9402741165939665,0.20837411659396798,-0.4948938212755652,-0.010713821275566193
2024/06/19 01:19:23,27.0,25.187,1.0265001272859917,0.21400012728599171,-0.556962444345231,-0.019462444345231034
2024/06/19 01:20:25,27.0,25.187,1.0585269312573156,0.24602693125731556,-0.4874455865072053,0.05005441349279466
2024/06/19 01:21:27,27.0,25.187,1.0215729266750189,0.20907292667501887,-0.5693761689591642,-0.03187616895916423
2024/06/19 01:22:30,27.0,25.187,1.11765333858899,0.30515333858898996,-0.6165483224921102,-0.07904832249211025
2024/06/19 01:23:33,26.937,25.187,1.0609905315628019,0.16659053156280335,-0.6165483224921102,-0.02486832249211124
2024/06/19 01:24:35,26.937,25.125,1.0979445361450986,0.20354453614510004,-0.6413757717199765,-0.04969577171997752
2024/06/19 01:25:38,26.937,25.125,1.095480935839612,0.2010809358396135,-0.6091000877237503,-0.017420087723751365
2024/06/19 01:26:40,26.937,25.125,1.095480935839612,0.2010809358396135,-0.5718589138819509,0.019821086118048115
2024/06/19 01:27:43,26.937,25.125,1.1225805391999628,0.22818053919996428,-0.6364102818744033,-0.04473028187440431
2024/06/19 01:28:45,26.875,25.062,1.1841705468371237,0.20917054683712366,-0.6190310674148969,0.025968932585103133
Taring...
2024/06/19 01:29:51,27.0,25.062,0.03531160437866284,0.11721160437866132,-0.01848265664754006,-0.07266265664753906
2024/06/19 01:30:53,26.937,25.062,0.04516600560060859,0.04516600560060859,-0.08055127971720588,-0.08055127971720588
2024/06/19 01:31:56,26.937,25.062,0.07472920926644584,0.07472920926644584,0.0063447925803262716,0.0063447925803262716
2024/06/19 01:32:58,26.875,25.062,0.09197441140485091,0.011374411404849391,-0.006068932033606894,0.047251067966394104
2024/06/19 01:34:01,26.812,25.062,0.14124641751457967,-0.021253582485420336,-0.09296500433113905,0.014534995668860948
2024/06/19 01:35:03,26.875,25.062,0.1757368217913898,0.09513682179138828,-0.10041323909949895,-0.047093239099497954
2024/06/19 01:36:05,26.812,25.0,0.1831276227078491,0.020627622707849097,-0.04331010587540639,0.06418989412459361
2024/06/19 01:37:08,26.875,25.0,0.18559122301333555,0.10499122301333404,-0.07062030002605936,-0.01730030002605836
2024/06/19 01:38:10,26.812,25.0,0.11907401476520173,-0.04342598523479828,-0.09544774925392568,0.012052250746074314
2024/06/19 01:39:13,26.812,25.0,0.2348632291230643,0.07236322912306428,-0.11779245355900539,-0.01029245355900539
2024/06/19 01:40:15,26.75,24.937,0.306307637982171,0.06320763798216947,-0.17489558678309794,-0.01407558678309695
2024/06/19 01:41:18,26.75,24.937,0.2865988355382795,0.04349883553827796,-0.13517166801851183,0.025648331981489164
2024/06/19 01:42:20,26.75,24.937,0.26442643278890154,0.021326432788900035,-0.23696420985276376,-0.07614420985276277
2024/06/19 01:43:22,26.75,24.875,0.23239962881757786,-0.010700371182423646,-0.1500681375552316,0.010751862444769389
2024/06/19 01:44:25,26.687,24.937,0.2792080346218202,-0.04579196537817981,-0.22703323016161725,-0.012033230161617253
2024/06/19 01:45:27,26.687,24.875,0.31862563950960315,-0.006374360490396858,-0.20468852585653755,0.010311474143462451
2024/06/19 01:46:30,26.687,24.875,0.38267924745225057,0.05767924745225056,-0.2096540157021108,0.005345984297889184
2024/06/19 01:47:32,26.687,24.875,0.3728248462303048,0.04782484623030481,-0.19724029108817764,0.017759708911822353
2024/06/19 01:48:35,26.687,24.812,0.3678976456193319,0.0428976456193319,-0.18234382155145784,0.032656178448542156
2024/06/19 01:49:37,26.625,24.812,0.4393420544784386,0.03374205447843709,-0.2617916590806301,0.006528340919370879
2024/06/19 01:50:39,26.687,24.875,0.4787596593662216,0.1537596593662216,-0.1649646070919514,0.05003539290804859
2024/06/19 01:51:42,26.625,24.812,0.45412365631135726,0.048523656311355745,-0.1252406883273653,0.1430793116726357
2024/06/19 01:52:44,26.625,24.812,0.5920852734185977,0.18648527341859622,-0.2096540157021108,0.05866598429789019
2024/06/19 01:53:47,26.625,24.75,0.5181772642540047,0.11257726425400316,-0.22206774031604398,0.04625225968395702
2024/06/19 01:54:49,26.625,24.75,0.5600584694472741,0.1544584694472726,-0.25930891415784346,0.00901108584215754
2024/06/19 01:55:51,26.562,24.812,0.5378860666978962,0.05038606669789614,-0.316412047381936,0.0060879526180639965
2024/06/19 01:56:54,26.625,24.75,0.5378860666978962,0.13228606669789467,-0.25682616923505686,0.011493830764944146
2024/06/19 01:57:56,26.625,24.75,0.6191848767789486,0.2135848767789471,-0.30896381261357614,-0.040643812613575137
2024/06/19 01:58:59,26.562,24.75,0.5970124740295707,0.10951247402957065,-0.22951597508440388,0.09298402491559613
2024/06/19 02:00:01,26.562,24.75,0.6462844801392994,0.15878448013929936,-0.35365322122373555,-0.03115322122373554
2024/06/19 02:01:03,26.5,24.687,0.6955564862490281,0.1274564862490266,-0.24937793446669693,0.12644206553330406
2024/06/19 02:02:06,26.5,24.75,0.6586024816667316,0.09050248166673014,-0.30399832276800287,0.07182167723199812
2024/06/19 02:03:08,26.562,24.75,0.7423648920532705,0.25486489205327045,-0.3759979255288152,-0.053497925528815216
2024/06/19 02:04:11,26.5,24.687,0.7842460972465399,0.21614609724653844,-0.34123949660980235,0.034580503390198636
2024/06/19 02:05:13,26.5,24.625,0.6684568828886773,0.10035688288867584,-0.3809634153743885,-0.0051434153743875055
2024/06/19 02:06:16,26.5,24.625,0.7423648920532705,0.174264892053269,-0.25682616923505686,0.11899383076494413
2024/06/19 02:07:18,26.5,24.687,0.757146493886189,0.18904649388618755,-0.3958598849111083,-0.02003988491110731
2024/06/19 02:08:21,26.5,24.625,0.8359817036617551,0.26788170366175357,-0.316412047381936,0.059407952618064974
2024/06/19 02:09:23,26.437,24.625,0.8827901094659975,0.23279010946599743,-0.3611014559920954,0.06889854400790457
2024/06/19 02:10:26,26.5,24.625,0.8680085076330788,0.2999085076330773,-0.34123949660980235,0.034580503390198636
2024/06/19 02:11:28,26.437,24.625,0.8113457006068907,0.16134570060689069,-0.4877214470542137,-0.057721447054213726
2024/06/19 02:12:31,26.437,24.625,0.9271349149647533,0.2771349149647533,-0.5075834064365068,-0.0775834064365068
2024/06/19 02:13:33,26.437,24.625,0.897571711298916,0.24757171129891598,-0.43558380367569444,-0.005583803675694443
2024/06/19 02:14:35,26.375,24.562,0.9074261125208618,0.17682611252086022,-0.4107563544478281,0.07256364555217287
2024/06/19 02:15:38,26.375,24.562,0.9172805137428075,0.18668051374280592,-0.45296301813520085,0.030356981864800126
2024/06/19 02:16:40,26.375,24.562,0.9665525198525363,0.23595251985253474,-0.40330811967946817,0.0800118803205328
2024/06/19 02:17:43,26.375,24.562,0.9665525198525363,0.23595251985253474,-0.43806654859848104,0.04525345140151993
2024/06/19 02:18:45,26.375,24.5,1.0059701247403192,0.27537012474031763,-0.4951696818225736,-0.011849681822572622
2024/06/19 02:19:48,26.375,24.5,0.9394529164921855,0.20885291649218396,-0.40579086460225483,0.07752913539774614
2024/06/19 02:20:50,26.312,24.5,1.0330697281006702,0.22056972810067021,-0.4132390993706147,0.12426090062938527
2024/06/19 02:21:53,26.312,24.5,1.060169331461021,0.247669331461021,-0.4479975282896276,0.0895024717103724
2024/06/19 02:22:55,26.312,24.437,1.0503149302390753,0.2378149302390753,-0.5150316412048667,0.022468358795133314
2024/06/19 02:23:57,26.25,24.5,1.1069777372652632,0.2138777372652616,-0.492686936899787,0.09813306310021402
2024/06/19 02:25:00,26.25,24.5,1.1759585458188835,0.2828585458188819,-0.4802732122858538,0.11054678771414722
2024/06/19 02:26:02,26.25,24.437,1.1365409409311005,0.24344094093109891,-0.4554457630579875,0.1353742369420135
2024/06/19 02:27:05,26.25,24.437,1.1981309485682614,0.30503094856825985,-0.5473073252010929,0.04351267479890808
2024/06/19 02:28:07,26.25,24.437,1.1094413375707497,0.21634133757074814,-0.5969622236568256,-0.006142223656824597
2024/06/19 02:29:10,26.312,24.437,1.2424757540670173,0.42997575406701727,-0.5969622236568256,-0.05946222365682563
Taring...
2024/06/19 02:30:16,26.312,24.437,-0.003011067040031013,0.0775889329599705,0.0449652691571678,-0.008354730842833197
2024/06/19 02:31:18,26.25,24.375,-0.030110670400381827,-0.030110670400381827,0.00027586054700840695,0.00027586054700840695
2024/06/19 02:32:21,26.25,24.375,0.03887013815323843,0.03887013815323843,-0.07668923205937722,-0.07668923205937722
2024/06/19 02:33:23,26.187,24.375,0.014234135098374052,-0.06766586490162443,0.027586054697661372,0.08176605469766038
2024/06/19 02:34:26,26.187,24.312,0.07582414273553499,-0.006075857264463497,-0.04441354806315099,0.009766451936848011
2024/06/19 02:35:28,26.187,24.312,0.10785094670685869,0.025950946706860198,-0.07420648713659059,-0.020026487136591588
2024/06/19 02:36:31,26.125,24.312,0.053651739986157056,-0.10884826001384296,-0.10896491605560345,-0.001464916055603449
2024/06/19 02:37:33,26.187,24.312,0.12263254853977731,0.040732548539778826,0.00275860546979504,0.05693860546979404
2024/06/19 02:38:36,26.125,24.312,0.21132215953728906,0.04882215953728905,-0.09903393636445691,0.008466063635543086
2024/06/19 02:39:38,26.125,24.312,0.11031454701234512,-0.05218545298765488,-0.13130962036068314,-0.02380962036068314
2024/06/19 02:40:40,26.125,24.25,0.23103096198118056,0.06853096198118055,-0.04689629298593762,0.060603707014062376
2024/06/19 02:41:43,26.125,24.25,0.20885855923180263,0.046358559231802626,-0.07172374221380395,0.035776257786196045
2024/06/19 02:42:45,26.062,24.312,0.19900415800985688,-0.04539584199014163,-0.14124060005182967,0.020439399948169318
2024/06/19 02:43:48,26.062,24.25,0.21871296045374838,-0.025687039546250123,-0.11393040590117672,0.047749594098822276
2024/06/19 02:44:50,26.125,24.25,0.27044856686896357,0.10794856686896356,-0.17103353912526928,-0.06353353912526928
2024/06/19 02:45:53,26.062,24.25,0.2384217628976399,-0.005978237102358619,-0.20082647819870889,-0.039146478198709894
2024/06/19 02:46:55,26.0,24.187,0.312329772062233,-0.012670227937767009,-0.13875785512904304,0.07624214487095696
2024/06/19 02:47:57,26.0,24.187,0.43304618703106845,0.10804618703106844,-0.13875785512904304,0.07624214487095696
2024/06/19 02:49:00,26.0,24.187,0.40101938305974477,0.07601938305974476,-0.20082647819870889,0.014173521801291111
2024/06/19 02:50:02,26.0,24.187,0.3763833800048804,0.05138338000488041,-0.19834373327592225,0.016656266724077745
2024/06/19 02:51:05,26.0,24.125,0.34682017633904316,0.02182017633904315,-0.1437233449746163,0.07127665502538369
2024/06/19 02:52:07,26.0,24.187,0.45275498947495996,0.12775498947495995,-0.166068049279696,0.048931950720303985
2024/06/19 02:53:10,26.0,24.125,0.41580098489266343,0.09080098489266342,-0.21572294773542866,-0.000722947735428664
2024/06/19 02:54:12,25.937,24.125,0.46507299100239213,0.05817299100239365,-0.18344726373920245,0.08573273626079653
2024/06/19 02:55:15,25.937,24.125,0.48478179344628364,0.07788179344628515,-0.28275706065066775,-0.01357706065066877
2024/06/19 02:56:17,25.937,24.125,0.5365173998614988,0.12961739986150034,-0.26786059111394794,0.0013194088860510322
2024/06/19 02:57:20,25.937,24.062,0.5044905958901752,0.09759059589017671,-0.36468764310262664,-0.09550764310262766
2024/06/19 02:58:22,25.875,24.062,0.5660806035273361,0.07858060352733609,-0.25296412157722814,0.06953587842277187
2024/06/19 02:59:25,25.875,24.062,0.5414446004724717,0.05394460047247163,-0.24551588680886827,0.07698411319113174
2024/06/19 03:00:27,25.875,24.062,0.5439082007779582,0.05640820077795816,-0.26041235634558807,0.06208764365441194
2024/06/19 03:01:29,25.875,24.062,0.6054982084151191,0.1179982084151191,-0.2256539274265752,0.09684607257342481
2024/06/19 03:02:32,25.875,24.062,0.5734714044437954,0.08597140444379536,-0.2628951012683747,0.05960489873162533
2024/06/19 03:03:34,25.812,24.0,0.6867970184961716,0.11739701849617312,-0.20827471296706876,0.16840528703293026
2024/06/19 03:04:37,25.812,24.0,0.6843334181906852,0.1149334181906867,-0.35723940833426676,0.019440591665732254
2024/06/19 03:05:39,25.875,24.0,0.6350614120809563,0.1475614120809563,-0.2926880403418143,0.029811959658185727
2024/06/19 03:06:42,25.812,24.0,0.8050498331595206,0.23564983315952215,-0.2902052954190277,0.08647470458097134
2024/06/19 03:07:44,25.75,24.0,0.7607050276607646,0.11070502766076462,-0.3299292141836138,0.10007078581638618
2024/06/19 03:08:47,25.75,23.937,0.7853410307156291,0.13534103071562908,-0.3199982344924673,0.11000176550753271
2024/06/19 03:09:49,25.75,23.937,0.7336054243004139,0.08360542430041384,-0.3547566634114801,0.0752433365885199
2024/06/19 03:10:52,25.75,24.0,0.7311418239949274,0.08114182399492742,-0.3299292141836138,0.10007078581638618
2024/06/19 03:11:54,25.812,23.937,0.7976590322430612,0.22825903224306276,-0.26537784619116134,0.11130215380883768
2024/06/19 03:12:56,25.75,23.937,0.8050498331595206,0.1550498331595206,-0.3373774489519737,0.0926225510480263
2024/06/19 03:13:59,25.75,23.937,0.864176240491195,0.214176240491195,-0.36468764310262664,0.06531235689737336
2024/06/19 03:15:01,25.687,23.937,0.7878046310211155,0.05590463102111698,-0.38703234740770637,0.09714765259229263
2024/06/19 03:16:04,25.687,23.875,0.8444674380473036,0.11256743804730507,-0.38703234740770637,0.09714765259229263
2024/06/19 03:17:06,25.687,23.875,0.8247586356034121,0.09285863560341356,-0.4317217560178657,0.05245824398213328
2024/06/19 03:18:09,25.687,23.875,0.9011302450734916,0.16923024507349305,-0.35972215325705337,0.12445784674294563
2024/06/19 03:19:11,25.625,23.875,0.9701110536271119,0.15761105362711192,-0.4044115618672128,0.1330884381327872
2024/06/19 03:20:13,25.625,23.812,1.0243102603478136,0.21181026034781358,-0.4292390110950791,0.10826098890492086
2024/06/19 03:21:16,25.625,23.875,1.0760458667630286,0.2635458667630286,-0.5235833181609711,0.013916681839028833
2024/06/19 03:22:18,25.687,23.812,0.9602566524051661,0.22835665240516756,-0.4590319501685187,0.02514804983148028
2024/06/19 03:23:21,25.625,23.812,1.0119922588203814,0.19949225882038135,-0.47144567478245186,0.06605432521754812
2024/06/19 03:24:23,25.625,23.812,1.06126426493011,0.24876426493011006,-0.4615146950913053,0.07598530490869465
2024/06/19 03:25:26,25.625,23.812,1.0859002679849745,0.2734002679849745,-0.42179077632671924,0.11570922367328074
2024/06/19 03:26:28,25.625,23.812,1.083436667679488,0.270936667679488,-0.4118597966355727,0.12564020336442727
2024/06/19 03:27:31,25.562,23.75,1.0883638682904608,0.1939638682904623,-0.43916999078622565,0.15251000921377333
2024/06/19 03:28:33,25.562,23.75,1.0908274685959474,0.19642746859594884,-0.44165273570901226,0.15002726429098673
2024/06/19 03:29:36,25.562,23.75,1.1425630750111626,0.24816307501116408,-0.5831691963078504,0.008510803692148627
Taring...
2024/06/19 03:30:42,25.687,23.75,0.12947588272169205,0.29197588272169206,0.03365498673097923,-0.07384501326902077
2024/06/19 03:31:44,25.562,23.75,0.048177072640639605,0.048177072640639605,0.0013793027347530052,0.0013793027347530052
2024/06/19 03:32:47,25.562,23.75,0.10976708027780055,0.10976708027780055,0.013793027348686171,0.013793027348686171
2024/06/19 03:33:49,25.562,23.687,0.13686668363815135,0.13686668363815135,0.02124126211704607,0.02124126211704607
2024/06/19 03:34:52,25.5,23.687,0.04571347233515317,-0.03488652766484835,-0.015999911724753426,0.037320088275247576
2024/06/19 03:35:54,25.5,23.687,0.10483987966682767,0.024239879666826156,-0.04331010587540639,0.01000989412459461
2024/06/19 03:36:57,25.5,23.687,0.22062909402469025,0.14002909402468872,0.0237240070398327,0.0770440070398337
2024/06/19 03:37:59,25.5,23.687,0.2378742961630953,0.1572742961630938,0.008827537503112904,0.0621475375031139
2024/06/19 03:39:02,25.5,23.625,0.1639662869985022,0.08336628699850067,-0.08055127971720588,-0.027231279717204883
2024/06/19 03:40:04,25.437,23.625,0.2772919010508783,0.1147919010508783,-0.03337912618425986,0.07412087381574015
2024/06/19 03:41:07,25.437,23.625,0.2181654937192038,0.05566549371920379,-0.06565481018048609,0.041845189819513906
2024/06/19 03:42:09,25.375,23.625,0.2625102992179597,0.0194102992179582,-0.060689320334912825,0.10013067966508817
2024/06/19 03:43:12,25.375,23.625,0.3339547080770664,0.09085470807706489,-0.060689320334912825,0.10013067966508817
2024/06/19 03:44:14,25.437,23.625,0.27975550135636473,0.11725550135636473,-0.11034421879064549,-0.002844218790645489
2024/06/19 03:45:17,25.375,23.625,0.32163670654963417,0.07853670654963266,-0.15255088247801823,0.008269117521982755
2024/06/19 03:46:19,25.375,23.625,0.36351791174290365,0.12041791174290215,-0.030896381261473226,0.12992361873852776
2024/06/19 03:47:21,25.375,23.562,0.3709087126593629,0.12780871265936142,-0.11282696371343212,0.04799303628656887
2024/06/19 03:48:24,25.375,23.562,0.31917310624414774,0.07607310624414623,-0.09793049417671232,0.06288950582328867
2024/06/19 03:49:26,25.375,23.5,0.4472803221294425,0.204180322129441,-0.11779245355900539,0.0430275464409956
2024/06/19 03:50:29,25.375,23.5,0.427571519685551,0.1844715196855495,-0.17737833170588457,-0.016558331705883583
2024/06/19 03:51:31,25.375,23.562,0.4251079193800646,0.18200791938006308,-0.15999911724637814,0.0008208827536228536
2024/06/19 03:52:34,25.312,23.5,0.4916251276281984,0.16662512762819837,-0.10537872894507222,0.10962127105492778
2024/06/19 03:53:36,25.312,23.5,0.5433607340434136,0.21836073404341355,-0.14510264770965833,0.06989735229034166
2024/06/19 03:54:39,25.312,23.5,0.5950963404586288,0.2700963404586288,-0.21213676062489745,0.0028632393751025498
2024/06/19 03:55:41,25.25,23.5,0.5433607340434136,0.13776073404341205,-0.27668812861734987,-0.008368128617348869
2024/06/19 03:56:43,25.312,23.5,0.4965523282391713,0.17155232823917127,-0.14758539263244497,0.06741460736755503
2024/06/19 03:57:46,25.25,23.5,0.6049507416805745,0.19935074168057298,-0.13765441294129846,0.13066558705870254
2024/06/19 03:58:48,25.25,23.5,0.5827783389311966,0.17717833893119506,-0.27172263877177666,-0.0034026387717756568
2024/06/19 03:59:51,25.25,23.437,0.5482879346543864,0.1426879346543849,-0.24192969969833703,0.026390300301663977
2024/06/19 04:00:53,25.25,23.437,0.6098779422915475,0.20427794229154594,-0.2022057809337509,0.06611421906625009
2024/06/19 04:01:56,25.25,23.437,0.5778511383202237,0.1722511383202222,-0.22951597508440388,0.03880402491559712
2024/06/19 04:02:58,25.25,23.375,0.664077149012249,0.2584771490122475,-0.1798610766286712,0.0884589233713298
2024/06/19 04:04:00,25.25,23.375,0.6788587508451677,0.27325875084516615,-0.2319987200071905,0.03632127999281051
2024/06/19 04:05:03,25.187,23.375,0.7478395593987879,0.26033955939878783,-0.3064810676907895,0.016018932309210532
2024/06/19 04:06:05,25.25,23.375,0.6837859514561405,0.278185951456139,-0.28910185323128307,-0.020781853231282066
2024/06/19 04:07:08,25.125,23.375,0.7355215578713558,0.16742155787135427,-0.2617916590806301,0.11402834091937086
2024/06/19 04:08:10,25.187,23.375,0.8143567676469218,0.32685676764692173,-0.30399832276800287,0.018501677231997138
2024/06/19 04:09:13,25.187,23.375,0.8192839682578946,0.3317839682578946,-0.22455048523883062,0.09794951476116939
2024/06/19 04:10:15,25.125,23.312,0.7675483618426794,0.1994483618426779,-0.2022057809337509,0.17361421906625008
2024/06/19 04:11:18,25.125,23.375,0.7675483618426794,0.1994483618426779,-0.3139293024591494,0.06189069754085158
2024/06/19 04:12:20,25.125,23.312,0.8710195746731098,0.30291957467310826,-0.31144655753636274,0.06437344246363824
2024/06/19 04:13:23,25.125,23.312,0.8858011765060284,0.3177011765060269,-0.316412047381936,0.059407952618064974
2024/06/19 04:14:25,25.187,23.312,0.8069659667304624,0.31946596673046235,-0.3809634153743885,-0.05846341537438848
2024/06/19 04:15:27,25.125,23.312,0.8907283771170013,0.32262837711699976,-0.26923989384899,0.10658010615101099
2024/06/19 04:16:30,25.062,23.25,0.9005827783389471,0.25058277833894704,-0.3809634153743885,0.0490365846256115
2024/06/19 04:17:32,25.062,23.25,0.8931919774224878,0.24319197742248777,-0.35365322122373555,0.07634677877626445
2024/06/19 04:18:35,25.062,23.25,0.9252187813938114,0.2752187813938114,-0.3611014559920954,0.06889854400790457
2024/06/19 04:19:37,25.062,23.25,1.0681075991120248,0.4181075991120248,-0.3511704763009489,0.07882952369905111
2024/06/19 04:20:40,25.062,23.187,1.0286899942242418,0.37868999422424177,-0.3188947923047227,0.11110520769527732
2024/06/19 04:21:42,25.062,23.187,0.9547819850596487,0.3047819850596487,-0.39337713998832163,0.03662286001167836
2024/06/19 04:22:45,25.062,23.25,0.9818815884199995,0.3318815884199995,-0.30896381261357614,0.12103618738642385
2024/06/19 04:23:47,25.062,23.25,1.0508623969736197,0.4008623969736197,-0.3660669458376687,0.0639330541623313
2024/06/19 04:24:50,25.062,23.25,1.0212991933077824,0.3712991933077824,-0.4579285079807741,-0.02792850798077412
2024/06/19 04:25:52,25.0,23.187,1.058253197890079,0.3276531978900775,-0.42068733413897463,0.06263266586102634
2024/06/19 04:26:55,25.0,23.187,1.0705711994175113,0.33997119941750975,-0.4331010587529078,0.050218941247093196
2024/06/19 04:27:57,24.937,23.187,1.0089811917803504,0.1964811917803504,-0.39337713998832163,0.14412286001167834
2024/06/19 04:29:00,25.0,23.125,1.142015608276618,0.4114156082766164,-0.3486877313781623,0.1346322686218387
2024/06/19 04:30:02,25.0,23.187,1.1666516113314824,0.43605161133148085,-0.40330811967946817,0.0800118803205328
Taring...
2024/06/19 04:31:08,25.062,23.125,-0.03804893805138571,0.1244510619486143,0.004137908204548045,-0.10336209179545196
2024/06/19 04:32:10,24.937,23.125,-0.018340135607494215,-0.018340135607494215,0.02399986758684111,0.02399986758684111
2024/06/19 04:33:13,24.937,23.125,0.04078627172418029,0.04078627172418029,-0.03558601056003809,-0.03558601056003809
2024/06/19 04:34:15,24.937,23.125,0.023541069585775228,0.023541069585775228,-0.028137775791678185,-0.028137775791678185
2024/06/19 04:35:18,24.937,23.062,-0.010949334691034901,-0.010949334691034901,-0.03310326563725145,-0.03310326563725145
2024/06/19 04:36:20,24.937,23.125,0.03093187050223454,0.03093187050223454,0.026482612509627742,0.026482612509627742
2024/06/19 04:37:23,24.937,23.062,0.04078627172418029,0.04078627172418029,-0.045516990251184615,-0.045516990251184615
2024/06/19 04:38:25,24.875,23.062,0.05556787355709892,-0.0250321264429026,-0.018206796100531653,0.03511320389946934
2024/06/19 04:39:28,24.875,23.062,0.1836750894423937,0.10307508944239217,-0.03310326563725145,0.020216734362749546
2024/06/19 04:40:30,24.875,23.062,0.08759467752842261,0.006994677528421089,-0.10758561332085044,-0.05426561332084944
2024/06/19 04:41:33,24.875,23.062,0.1713570879149615,0.09075708791495997,0.006620653127334678,0.05994065312733568
2024/06/19 04:42:35,24.875,23.0,0.20831109249725804,0.12771109249725654,-0.04303424532839798,0.010285754671603017
2024/06/19 04:43:37,24.875,23.0,0.191065890358853,0.11046589035885147,-0.06786169455626431,-0.014541694556263314
2024/06/19 04:44:40,24.875,23.0,0.20584749219177162,0.12524749219177012,-0.07282718440183758,-0.01950718440183658
2024/06/19 04:45:42,24.812,23.0,0.20831109249725804,0.04581109249725804,-0.028137775791678185,0.07936222420832181
2024/06/19 04:46:45,24.875,23.0,0.2970007034947698,0.2164007034947683,-0.06537894963347768,-0.01205894963347668
2024/06/19 04:47:47,24.812,22.937,0.2625102992179597,0.1000102992179597,-0.09020639886134402,0.01729360113865598
2024/06/19 04:48:50,24.812,22.937,0.21323829310823092,0.050738293108230914,-0.057930714865117784,0.049569285134882214
2024/06/19 04:49:52,24.812,22.937,0.31917310624414774,0.15667310624414774,-0.08524090901577075,0.02225909098422925
2024/06/19 04:50:55,24.875,22.937,0.3117823053276884,0.2311823053276869,-0.07282718440183758,-0.01950718440183658
2024/06/19 04:51:57,24.75,22.875,0.2896099025783105,0.046509902578308976,-0.14730953208543657,0.013510467914564422
2024/06/19 04:53:00,24.75,22.875,0.39554471571422734,0.15244471571422583,-0.14730953208543657,0.013510467914564422
2024/06/19 04:54:02,24.75,22.937,0.3709087126593629,0.12780871265936142,-0.15227502193100984,0.008544978068991155
2024/06/19 04:55:04,24.812,22.937,0.3364183083825528,0.17391830838255282,-0.10262012347527717,0.004879876524722826
2024/06/19 04:56:07,24.812,22.875,0.3856903144922816,0.22319031449228158,-0.12496482778035688,-0.01746482778035688
2024/06/19 04:57:09,24.75,22.875,0.41771711846360526,0.17461711846360375,-0.12993031762593013,0.03088968237407086
2024/06/19 04:58:12,24.75,22.875,0.4053991169361731,0.16229911693617158,-0.2689640333019816,-0.10814403330198061
2024/06/19 04:59:14,24.75,22.875,0.36351791174290365,0.12041791174290215,-0.1944816856183826,-0.03366168561838162
2024/06/19 05:00:16,24.75,22.875,0.48669792701722553,0.24359792701722402,-0.2913087376070613,-0.13048873760706028
2024/06/19 05:01:19,24.75,22.812,0.47437992548979335,0.23127992548979184,-0.18951619577280934,-0.028696195772808353
2024/06/19 05:02:21,24.75,22.875,0.49408872793368486,0.2509887279336833,-0.18206796100444944,-0.02124796100444845
2024/06/19 05:03:24,24.75,22.812,0.5211883312940356,0.2780883312940341,-0.15475776685379647,0.006062233146204521
2024/06/19 05:04:26,24.75,22.812,0.5556787355708458,0.31257873557084426,-0.22179187976903555,-0.060971879769034565
2024/06/19 05:05:29,24.75,22.812,0.466989124573334,0.22388912457333252,-0.16717149146772964,-0.006351491467728648
2024/06/19 05:06:31,24.687,22.812,0.5458243343489,0.22082433434889998,-0.17710247115887617,0.03789752884112382
2024/06/19 05:07:33,24.687,22.812,0.5359699331269543,0.21096993312695428,-0.21434364500067565,0.0006563549993243434
2024/06/19 05:08:36,24.687,22.812,0.5458243343489,0.22082433434889998,-0.20441266530952915,0.010587334690470851
2024/06/19 05:09:38,24.687,22.812,0.5778511383202237,0.2528511383202237,-0.23420560438296872,-0.019205604382968727
2024/06/19 05:10:41,24.625,22.75,0.5975599407641152,0.1919599407641137,-0.2689640333019816,-0.0006440333019805955
2024/06/19 05:11:43,24.625,22.75,0.6320503450409254,0.22645034504092387,-0.24413658407411526,0.024183415925885743
2024/06/19 05:12:46,24.625,22.812,0.6714679499287084,0.2658679499287069,-0.25903305361083506,0.00928694638916594
2024/06/19 05:13:48,24.625,22.687,0.6394411459573847,0.23384114595738315,-0.22179187976903555,0.04652812023096545
2024/06/19 05:14:51,24.625,22.75,0.6862495517616269,0.2806495517616254,-0.30372246222099447,-0.03540246222099347
2024/06/19 05:15:53,24.562,22.75,0.6837859514561405,0.19628595145614047,-0.2689640333019816,0.05353596669801841
2024/06/19 05:16:55,24.625,22.687,0.6468319468738439,0.24123194687384242,-0.239171094228542,0.02914890577145901
2024/06/19 05:17:58,24.562,22.687,0.7108855548164914,0.22338555481649136,-0.313653441912141,0.008846558087859002
2024/06/19 05:19:00,24.562,22.687,0.72566715664941,0.2381671566494099,-0.35834285052230036,-0.03584285052230035
2024/06/19 05:20:03,24.562,22.687,0.782329963675598,0.294829963675598,-0.28882599268427467,0.03367400731572534
2024/06/19 05:21:05,24.562,22.687,0.7330579575658693,0.2455579575658693,-0.20689541023231575,0.11560458976768426
2024/06/19 05:22:08,24.562,22.687,0.7897207645920573,0.30222076459205727,-0.3211016766805009,0.0013983233194991285
2024/06/19 05:23:10,24.562,22.687,0.7330579575658693,0.2455579575658693,-0.4104804939008197,-0.08798049390081969
2024/06/19 05:24:13,24.562,22.687,0.7626211612317065,0.2751211612317065,-0.3335154012944341,-0.011015401294434068
2024/06/19 05:25:15,24.562,22.625,0.7527667600097608,0.2652667600097608,-0.3831702997501667,-0.06067029975016669
2024/06/19 05:26:18,24.5,22.687,0.8365291703962997,0.2684291703962982,-0.3806875548273801,-0.004867554827379106
2024/06/19 05:27:20,24.562,22.625,0.9129007798663793,0.42540077986637925,-0.2987569723754212,0.023743027624578805
2024/06/19 05:28:23,24.5,22.625,0.8611651734511641,0.29306517345116256,-0.360825595445087,0.014994404554913965
2024/06/19 05:29:25,24.5,22.625,0.8242111688688675,0.256111168868866,-0.3310326563716474,0.04478734362835357
2024/06/19 05:30:27,24.5,22.625,0.8981191780334606,0.33001917803345915,-0.3831702997501667,-0.007350299750165712
Taring...
2024/06/19 05:31:33,24.562,22.562,-0.07308680906274041,0.08941319093725959,0.05875829650585397,-0.04874170349414603
2024/06/19 05:32:36,24.5,22.562,0.06733840834998653,0.14923840834998503,0.009103398050121312,-0.045076601949877684
2024/06/19 05:33:38,24.437,22.562,0.020530002545744216,0.020530002545744216,0.021517122664054478,0.021517122664054478
2024/06/19 05:34:41,24.437,22.562,0.03531160437866284,0.03531160437866284,0.06372378635142724,0.06372378635142724
2024/06/19 05:35:43,24.437,22.562,0.10675601323776954,0.10675601323776954,0.08606849065650693,0.08606849065650693
2024/06/19 05:36:46,24.437,22.562,0.03777520468414928,0.03777520468414928,-0.023172285946104917,-0.023172285946104917
2024/06/19 05:37:48,24.375,22.562,0.1363192169036068,0.055719216903605276,0.011586142972907944,0.06490614297290895
2024/06/19 05:38:51,24.375,22.562,0.18559122301333555,0.10499122301333404,-0.052965225019544517,0.00035477498045648204
2024/06/19 05:39:53,24.375,22.5,0.18559122301333555,0.10499122301333404,0.05627555158306734,0.10959555158306833
2024/06/19 05:40:55,24.437,22.5,0.06733840834998653,0.06733840834998653,-0.03558601056003809,-0.03558601056003809
2024/06/19 05:41:58,24.375,22.5,0.1757368217913898,0.09513682179138828,0.026482612509627742,0.07980261250962874
2024/06/19 05:43:00,24.375,22.5,0.25210843126146937,0.17150843126146786,-0.06289620471069104,-0.009576204710690046
2024/06/19 05:44:03,24.312,22.5,0.21269082637368636,0.050190826373686354,-0.005793071486598487,0.10170692851340152
2024/06/19 05:45:05,24.375,22.5,0.23732682942855074,0.1567268294285492,-0.023172285946104917,0.03014771405389608
2024/06/19 05:46:08,24.312,22.5,0.15110081873652542,-0.011399181263474584,-0.052965225019544517,0.05453477498045548
2024/06/19 05:47:10,24.312,22.5,0.1437100178200661,-0.01878998217993391,-0.11255110316642371,-0.005051103166423709
2024/06/19 05:48:13,24.25,22.437,0.20776362576271348,-0.035336374237288026,-0.052965225019544517,0.10785477498045648
2024/06/19 05:49:15,24.187,22.375,0.2570356318724422,-0.0679643681275578,-0.045516990251184615,0.1694830097488154
2024/06/19 05:50:18,24.25,22.312,0.23979042973403716,-0.0033095702659643456,-0.04303424532839798,0.11778575467160302
2024/06/19 05:51:20,24.187,22.312,0.3112348385931439,-0.01376516140685613,-0.10758561332085044,0.10741438667914956
2024/06/19 05:52:22,24.187,22.25,0.3260164404260625,0.0010164404260624704,-0.1348958074715034,0.0801041925284966
2024/06/19 05:53:25,24.125,22.25,0.2989168370657117,-0.10668316293428981,-0.11999933793478361,0.14832066206521738
2024/06/19 05:54:27,24.125,22.25,0.3678976456193319,-0.0377023543806696,-0.12993031762593013,0.13838968237407087
2024/06/19 05:55:30,24.125,22.187,0.4196332520345471,0.014033252034545585,-0.18455070592723608,0.08376929407276493
2024/06/19 05:56:32,24.187,22.187,0.39746084928516917,0.07246084928516916,-0.14730953208543657,0.06769046791456343
2024/06/19 05:57:35,24.125,22.187,0.45166005600587084,0.04606005600586932,-0.06041345978790442,0.2079065402120966
2024/06/19 05:58:37,24.187,22.187,0.48615046028268094,0.16115046028268093,-0.14730953208543657,0.06769046791456343
2024/06/19 05:59:39,24.125,22.187,0.4196332520345471,0.014033252034545585,-0.08772365393855738,0.18059634606144362
2024/06/19 06:00:42,24.125,22.187,0.4097788508126014,0.004178850812599888,-0.2242746246918222,0.044045375308178814
2024/06/19 06:01:44,24.125,22.187,0.5354224663924096,0.12982246639240813,-0.1423440422398633,0.1259759577601377
2024/06/19 06:02:47,24.125,22.125,0.5625220697527605,0.15692206975275902,-0.19944717546395588,0.06887282453604512
2024/06/19 06:03:49,24.125,22.125,0.542813267308869,0.13721326730886751,-0.23420560438296872,0.03411439561703228
2024/06/19 06:04:52,24.125,22.125,0.5058592627265724,0.10025926272657093,-0.20689541023231575,0.06142458976768525
2024/06/19 06:05:54,24.125,22.187,0.5773036715856792,0.17170367158567768,-0.20689541023231575,0.06142458976768525
2024/06/19 06:06:57,24.187,22.125,0.6315028783063807,0.30650287830638073,-0.24910207391968853,-0.03410207391968853
2024/06/19 06:07:59,24.125,22.125,0.5551312688363012,0.14953126883629964,-0.17710247115887617,0.09121752884112483
2024/06/19 06:09:02,24.125,22.125,0.564985670058247,0.15938567005824544,-0.1348958074715034,0.1334241925284976
2024/06/19 06:10:04,24.125,22.125,0.5994760743350571,0.1938760743350556,-0.2019299203867425,0.06639007961325849
2024/06/19 06:11:07,24.125,22.187,0.6586024816667316,0.2530024816667301,-0.21186090007788902,0.05645909992211198
2024/06/19 06:12:09,24.125,22.187,0.5945488737240842,0.18894887372408264,-0.2466193289969019,0.02170067100309911
2024/06/19 06:13:11,24.125,22.125,0.6783112841106231,0.2727112841106216,-0.17710247115887617,0.09121752884112483
2024/06/19 06:14:14,24.125,22.125,0.6561388813612451,0.2505388813612436,-0.19696443054116924,0.07135556945883176
2024/06/19 06:15:16,24.125,22.125,0.6610660819722181,0.25546608197221654,-0.26151579853362167,0.006804201466379334
2024/06/19 06:16:19,24.125,22.125,0.7842460972465399,0.3786460972465384,-0.29627422745263454,-0.02795422745263354
2024/06/19 06:17:21,24.125,22.125,0.7004836868600011,0.29488368685999955,-0.25903305361083506,0.00928694638916594
2024/06/19 06:18:24,24.187,22.125,0.7645372948026484,0.4395372948026484,-0.24413658407411526,-0.029136584074115263
2024/06/19 06:19:26,24.125,22.125,0.757146493886189,0.3515464938861875,-0.3012397172982078,-0.03291971729820681
2024/06/19 06:20:29,24.125,22.062,0.7374376914422975,0.331837691442296,-0.24910207391968853,0.019217926080312475
2024/06/19 06:21:31,24.187,22.125,0.7078744877764603,0.3828744877764603,-0.19199894069559598,0.02300105930440402
2024/06/19 06:22:34,24.062,22.125,0.7793188966355671,0.29181889663556704,-0.28882599268427467,0.03367400731572534
2024/06/19 06:23:36,24.125,22.125,0.7842460972465399,0.3786460972465384,-0.31117069698935435,-0.04285069698935334
2024/06/19 06:24:39,24.125,22.125,0.8310545030507822,0.4254545030507807,-0.35586010559951375,-0.08754010559951275
2024/06/19 06:25:41,24.125,22.062,0.7596100941916756,0.35401009419167406,-0.24165383915132863,0.026666160848672377
2024/06/19 06:26:43,24.125,22.125,0.7645372948026484,0.3589372948026469,-0.21930913484624892,0.04901086515375208
2024/06/19 06:27:46,24.125,22.125,0.796564098773972,0.39096409877397054,-0.3359981462172207,-0.06767814621721968
2024/06/19 06:28:48,24.062,22.125,0.7916368981629992,0.30413689816299916,-0.33848089114000735,-0.015980891140007336
2024/06/19 06:29:51,24.125,22.125,0.8556905061056466,0.45009050610564505,-0.23668834930575536,0.031631650694245644
2024/06/19 06:30:53,24.125,22.062,0.7842460972465399,0.3786460972465384,-0.2838605028387014,-0.015540502838700399
Taring...
2024/06/19 06:31:59,24.187,22.062,-0.008759467752856602,0.07184053224714491,0.03586187110704649,-0.017458128892954505
2024/06/19 06:33:01,24.125,22.062,-0.006295867447370163,-0.006295867447370163,-0.031172241808192603,-0.031172241808192603
2024/06/19 06:34:04,24.125,22.062,0.018340135607494215,0.018340135607494215,-0.075861650418352,-0.075861650418352
2024/06/19 06:35:06,24.125,22.062,0.03312173744041284,0.03312173744041284,0.048275595720979655,0.048275595720979655
2024/06/19 06:36:09,24.062,22.062,0.11442054752146529,0.0325205475214668,-0.016275772271472803,0.037904227728526196
2024/06/19 06:37:11,24.125,22.062,0.030658137134926402,0.030658137134926402,-0.06593067072720546,-0.06593067072720546
2024/06/19 06:38:14,24.125,22.062,0.02326733621846709,0.02326733621846709,0.006068932033606894,0.006068932033606894
2024/06/19 06:39:16,24.125,22.062,0.0897845444666009,0.0897845444666009,0.03834461602983313,0.03834461602983313
2024/06/19 06:40:18,24.062,22.062,0.047903339273331465,-0.03399666072666702,-0.02124126211704607,0.03293873788295293
2024/06/19 06:41:21,24.125,22.062,0.09963894568854666,0.09963894568854666,-0.08579263010949853,-0.08579263010949853
2024/06/19 06:42:23,24.125,22.0,0.1292021493543839,0.1292021493543839,-0.011310282425899537,-0.011310282425899537
2024/06/19 06:43:26,24.125,22.062,0.16369255363119403,0.16369255363119403,-0.058482435958845565,-0.058482435958845565
2024/06/19 06:44:28,24.125,22.0,0.013412934996521339,0.013412934996521339,-0.026206751962619335,-0.026206751962619335
2024/06/19 06:45:31,24.125,22.062,0.1415201508818161,0.1415201508818161,-0.05599969103605893,-0.05599969103605893
2024/06/19 06:46:33,24.125,22.0,0.1292021493543839,0.1292021493543839,-0.11310282426015149,-0.11310282426015149
2024/06/19 06:47:36,24.062,22.0,0.10949334691049241,0.02759334691049392,-0.026206751962619335,0.027973248037379665
2024/06/19 06:48:38,24.062,22.0,0.11688414782695172,0.034984147826953235,-0.016275772271472803,0.037904227728526196
2024/06/19 06:49:41,24.062,22.0,0.13166574965987035,0.049765749659871863,0.0035861871108202607,0.05776618711081926
2024/06/19 06:50:43,24.062,22.062,0.11934774813243816,0.03744774813243967,-0.05599969103605893,-0.001819691036059931
2024/06/19 06:51:45,24.062,22.0,0.1489109517982754,0.06701095179827692,-0.05599969103605893,-0.001819691036059931
2024/06/19 06:52:48,24.062,22.0,0.13166574965987035,0.049765749659871863,-0.15779223287031088,-0.10361223287031188
2024/06/19 06:53:50,24.062,22.0,0.18340135607508554,0.10150135607508705,-0.041103221499339135,0.013076778500659865
2024/06/19 06:54:53,24.062,22.0,0.09963894568854666,0.01773894568854817,-0.16524046763867078,-0.11106046763867178
2024/06/19 06:55:55,24.062,22.0,0.2129645597409228,0.1310645597409243,-0.075861650418352,-0.021681650418352995
2024/06/19 06:56:58,24.062,22.0,0.09717534538306022,0.01527534538306173,-0.041103221499339135,0.013076778500659865
2024/06/19 06:58:00,24.125,22.0,0.1809377557695991,0.1809377557695991,-0.018758517194259437,-0.018758517194259437
2024/06/19 06:59:03,24.062,21.937,0.13659295027084323,0.05469295027084474,-0.0237240070398327,0.0304559929601663
2024/06/19 07:00:05,24.062,21.937,0.22281896096286855,0.14091896096287004,-0.05599969103605893,-0.001819691036059931
2024/06/19 07:01:07,24.062,21.937,0.12427494874341104,0.04237494874341255,-0.14041301841080445,-0.08623301841080544
2024/06/19 07:02:10,24.062,21.937,0.20803735912994992,0.12613735912995144,-0.075861650418352,-0.021681650418352995
2024/06/19 07:03:12,24.062,21.937,0.21542816004640924,0.13352816004641077,-0.12551654887408467,-0.07133654887408566
2024/06/19 07:04:15,24.062,21.937,0.1686197542421669,0.08671975424216842,-0.10068909964621833,-0.04650909964621933
2024/06/19 07:05:17,24.062,21.937,0.2326733621848143,0.1507733621848158,-0.05599969103605893,-0.001819691036059931
2024/06/19 07:06:19,24.062,21.937,0.21542816004640924,0.13352816004641077,-0.09324086487785843,-0.03906086487785943
2024/06/19 07:07:22,24.062,22.0,0.21789176035189567,0.1359917603518972,-0.0609651808816322,-0.006785180881633199
2024/06/19 07:08:24,24.062,21.937,0.2129645597409228,0.1310645597409243,-0.09572360980064507,-0.041543609800646066
2024/06/19 07:09:27,24.062,21.937,0.1292021493543839,0.04730214935438541,-0.11310282426015149,-0.05892282426015249
2024/06/19 07:10:29,24.125,21.937,0.1686197542421669,0.1686197542421669,-0.11062007933736485,-0.11062007933736485
2024/06/19 07:11:32,24.062,21.937,0.14398375118730253,0.06208375118730404,-0.06344792580441883,-0.009267925804419826
2024/06/19 07:12:34,24.062,21.937,0.20803735912994992,0.12613735912995144,-0.14289576333359108,-0.08871576333359207
2024/06/19 07:13:37,24.062,21.937,0.21789176035189567,0.1359917603518972,-0.08827537503228516,-0.034095375032286164
2024/06/19 07:14:39,24.062,21.875,0.2326733621848143,0.1507733621848158,-0.1801369371753906,-0.12595693717539158
2024/06/19 07:15:42,24.062,21.937,0.25484576493419225,0.17294576493419378,-0.058482435958845565,-0.004302435958846565
2024/06/19 07:16:44,24.125,21.937,0.21542816004640924,0.21542816004640924,-0.07089616057277873,-0.07089616057277873
2024/06/19 07:17:46,24.062,21.937,0.22774616157384142,0.14584616157384295,-0.15034399810195098,-0.09616399810195198
2024/06/19 07:18:49,24.062,21.937,0.23020976187932785,0.14830976187932937,-0.11558556918293812,-0.06140556918293912
2024/06/19 07:19:51,24.062,21.937,0.2720909670725973,0.1901909670725988,-0.16027497779309752,-0.10609497779309851
2024/06/19 07:20:54,24.125,21.937,0.27455456737808376,0.27455456737808376,-0.17765419225260395,-0.17765419225260395
2024/06/19 07:21:56,24.125,21.937,0.30904497165489386,0.30904497165489386,-0.11062007933736485,-0.11062007933736485
2024/06/19 07:22:59,24.062,21.875,0.2622365658506515,0.18033656585065305,-0.10813733441457822,-0.05395733441457922
2024/06/19 07:24:01,24.125,21.875,0.2917997695164888,0.2917997695164888,-0.11310282426015149,-0.11310282426015149
2024/06/19 07:25:04,24.125,21.937,0.23760056279578717,0.23760056279578717,-0.12303380395129802,-0.12303380395129802
2024/06/19 07:26:06,24.125,21.937,0.26716376646162443,0.26716376646162443,-0.1950334067121104,-0.1950334067121104
2024/06/19 07:27:08,24.125,21.937,0.26716376646162443,0.26716376646162443,-0.1056545894917916,-0.1056545894917916
2024/06/19 07:28:11,24.062,21.875,0.3115085719603803,0.2296085719603818,-0.11558556918293812,-0.06140556918293912
2024/06/19 07:29:13,24.125,21.875,0.2770181676835702,0.2770181676835702,-0.03365498673097923,-0.03365498673097923
2024/06/19 07:30:16,24.125,21.937,0.34846257654267687,0.34846257654267687,-0.21241262117161683,-0.21241262117161683
2024/06/19 07:31:18,24.125,21.875,0.21542816004640924,0.21542816004640924,-0.12055105902851139,-0.12055105902851139
Taring...
2024/06/19 07:32:24,24.187,21.875,-0.030658137134926402,0.04994186286507511,-0.010482700785163347,-0.06380270078516434
2024/06/19 07:33:26,24.125,21.875,0.06295867447355823,0.06295867447355823,-0.0750340687776158,-0.0750340687776158
2024/06/19 07:34:29,24.125,21.875,0.060495074168071795,0.060495074168071795,0.05406866720728911,0.05406866720728911
2024/06/19 07:35:31,24.125,21.875,-0.010949334691034901,-0.010949334691034901,-0.07999955862318907,-0.07999955862318907
2024/06/19 07:36:34,24.125,21.875,-0.0035585337745755877,-0.0035585337745755877,0.10868905550859505,0.10868905550859505
2024/06/19 07:37:36,24.125,21.875,0.018613868974802352,0.018613868974802352,-0.015448190630736613,-0.015448190630736613
2024/06/19 07:38:39,24.125,21.875,0.011223068058343038,0.011223068058343038,-0.032827405090243046,-0.032827405090243046
2024/06/19 07:39:41,24.125,21.875,0.05064067294612604,0.05064067294612604,-0.042758384781389575,-0.042758384781389575
2024/06/19 07:40:43,24.125,21.875,0.0013686668363972877,0.0013686668363972877,-0.02289642539909651,-0.02289642539909651
2024/06/19 07:41:46,24.125,21.875,0.08513107722293617,0.08513107722293617,0.029241217979422782,0.029241217979422782
2024/06/19 07:42:48,24.125,21.875,0.048177072640639605,0.048177072640639605,-0.04772387462696284,-0.04772387462696284
2024/06/19 07:43:51,24.125,21.875,0.0013686668363972877,0.0013686668363972877,0.046620432438929216,0.046620432438929216
2024/06/19 07:44:53,24.125,21.875,-0.03558533774589928,-0.03558533774589928,-0.09489602815990887,-0.09489602815990887
2024/06/19 07:45:56,24.125,21.875,0.04078627172418029,0.04078627172418029,-0.020413680476309877,-0.020413680476309877
2024/06/19 07:46:58,24.187,21.875,-0.010949334691034901,0.06965066530896662,-0.03531015001302968,-0.08863015001303068
2024/06/19 07:48:01,24.187,21.875,0.03339547080772098,0.11399547080772249,0.01186200351991635,-0.04145799648008465
2024/06/19 07:49:03,24.125,21.875,0.10483987966682767,0.10483987966682767,-0.012965445707949979,-0.012965445707949979
2024/06/19 07:50:05,24.187,21.875,0.016150268669315914,0.09675026866931744,-0.04772387462696284,-0.10104387462696385
2024/06/19 07:51:08,24.125,21.875,-0.015876535302007777,-0.015876535302007777,0.046620432438929216,0.046620432438929216
2024/06/19 07:52:10,24.187,21.812,-0.018340135607494215,0.0622598643925073,0.05903415705286238,0.005714157052861379
2024/06/19 07:53:13,24.187,21.875,0.0678858750845311,0.14848587508453262,0.03172396290220941,-0.021596037097791586
2024/06/19 07:54:15,24.187,21.875,-0.008485734385548463,0.07211426561445305,-0.07006857893204255,-0.12338857893204355
2024/06/19 07:55:17,24.187,21.875,-0.0035585337745755877,0.07704146622542593,0.08634435120351534,0.033024351203514345
2024/06/19 07:56:20,24.187,21.875,0.0013686668363972877,0.0819686668363988,0.009379258597129719,-0.04394074140287128
2024/06/19 07:57:22,24.187,21.875,0.03339547080772098,0.11399547080772249,0.04165494259335595,-0.01166505740664505
2024/06/19 07:58:25,24.187,21.875,0.04078627172418029,0.12138627172418182,-0.06510308908646928,-0.11842308908647028
2024/06/19 07:59:27,24.25,21.875,0.006295867447370163,0.16879586744737016,-0.1197234773877752,-0.2272234773877752
2024/06/19 08:00:29,24.187,21.875,-0.0035585337745755877,0.07704146622542593,0.001931023828769819,-0.05138897617123118
2024/06/19 08:01:32,24.25,21.875,0.035859071113207415,0.1983590711132074,-0.05268936447253611,-0.16018936447253612
2024/06/19 08:02:34,24.187,21.812,-0.03558533774589928,0.045014662254102236,-0.042758384781389575,-0.09607838478139058
2024/06/19 08:03:37,24.187,21.812,0.013686668363829476,0.094286668363831,0.05406866720728911,0.0007486672072881118
2024/06/19 08:04:39,24.187,21.812,0.006295867447370163,0.08689586744737168,0.024275728133849518,-0.02904427186615148
2024/06/19 08:05:42,24.125,21.812,0.0013686668363972877,0.0013686668363972877,-0.012965445707949979,-0.012965445707949979
