           |       | T boil | T boil |    jar |amt coll |
      Time |   PWM |    (C) | tgt(C) |      # |   (ml) |
---------------------------------------------------------
  10:57:59 |    35 |  9.562 |     75 |      0 |
  10:58:09 |75.000 |  9.625 |     75 |      0 |
  10:58:18 |     1 |  9.687 |     75 |      0 |
  10:58:27 |     1 |  9.625 |     75 |      0 |
  10:58:36 |     1 |  9.687 |     75 |      0 |
  10:58:45 |     1 |  9.687 |     75 |      0 |
  10:58:55 |     1 |  9.687 |     75 |      0 |
  10:59:04 |     1 |  9.687 |     75 |      0 |
  10:59:13 |     1 |  9.625 |     75 |      0 |
  10:59:22 |     1 |  9.687 |     75 |      0 |
  10:59:31 |     1 |  9.625 |     75 |      0 |
  10:59:40 |     1 |  9.687 |     75 |      0 |
  10:59:49 |     1 |  9.625 |     75 |      0 |
  10:59:59 |     1 |  9.687 |     75 |      0 |
  11:00:08 |     1 |  9.625 |     75 |      0 |
  11:00:17 |     1 |  9.687 |     75 |      0 |
  11:00:26 |     1 |  9.625 |     75 |      0 |
  11:00:35 |     1 |  9.687 |     75 |      0 |
  11:00:45 |     1 |  9.687 |     75 |      0 |
  11:00:54 |     1 |  9.625 |     75 |      0 |
  11:01:04 |     1 |  9.687 |     75 |      0 |
  11:01:14 |     1 |  9.687 |     75 |      0 |
  11:01:24 |     1 |  9.687 |     75 |      0 |
  11:01:34 |     1 |  9.687 |     75 |      0 |
  11:01:44 |     1 |  9.687 |     75 |      0 |
  11:01:54 |     1 |  9.687 |     75 |      0 |
  11:02:04 |     1 |  9.687 |     75 |      0 |
  11:02:14 |     1 |  9.687 |     75 |      0 |
  11:02:24 |     1 |  9.687 |     75 |      0 |
  11:02:34 |     1 |  9.687 |     75 |      0 |
  11:02:44 |     1 |  9.625 |     75 |      0 |
  11:02:54 |     1 |  9.687 |     63 |      0 |
  11:03:03 |     1 |  9.687 |     63 |      0 |
  11:03:12 |     1 |  9.687 |     63 |      0 |
  11:03:21 |     1 |  9.687 |     63 |      0 |
  11:03:31 |     1 |  9.687 |     63 |      0 |
  11:03:40 |     1 |  9.750 |     63 |      0 |
  11:03:50 |     1 |  9.750 |     63 |      0 |
  11:04:00 |     1 |  9.687 |     63 |      0 |
  11:04:09 |     1 |  9.687 |     63 |      0 |
  11:04:18 |     1 |  9.687 |     63 |      0 |
  11:04:27 |     1 |  9.687 |     63 |      0 |
  11:04:36 |     1 |  9.687 |     63 |      0 |
  11:04:45 |     1 |  9.687 |     63 |      0 |
  11:04:54 |     1 |  9.687 |     63 |      0 |
  11:05:03 |     1 |  9.687 |     63 |      0 |
  11:05:12 |     1 |  9.687 |     63 |      0 |
  11:05:21 |     1 |  9.687 |     63 |      0 |
  11:05:30 |     1 |  9.687 |     63 |      0 |
  11:05:39 |     1 |  9.687 |     63 |      0 |
  11:05:48 |     1 |  9.687 |     63 |      0 |
           |       | T boil | T boil |    jar |amt coll |
      Time |   PWM |    (C) | tgt(C) |      # |   (ml) |
---------------------------------------------------------
  11:06:34 |    35 |  9.687 |     75 |      0 |
  11:06:44 |75.000 |  9.687 |     75 |      0 |
  11:06:53 |     1 |  9.750 |     75 |      0 |
  11:07:02 |     1 |  9.687 |     75 |      0 |
  11:07:11 |     1 |  9.687 |     75 |      0 |
           |       | T boil | T boil |    jar |amt coll |
      Time |   PWM |    (C) | tgt(C) |      # |   (ml) |
---------------------------------------------------------
  11:07:35 |    35 |  9.625 |     75 |      0 |
  11:07:45 |87.166 |  9.687 |     75 |      0 |
           |       | T boil | T boil |    jar |amt coll |
      Time |   PWM |    (C) | tgt(C) |      # |   (ml) |
---------------------------------------------------------
  11:09:20 |    35 |  9.687 |     75 |      0 |
  11:09:30 |87.084 |  9.687 |     75 |      0 |
  11:09:40 | 9.563 |  9.687 |     75 |      0 |
  11:09:50 |15.189 |  9.750 |     75 |      0 |
  11:10:00 |16.798 |  9.687 |     75 |      0 |
  11:10:10 |17.743 |  9.750 |     75 |      0 |
  11:10:20 |18.063 |  9.687 |     75 |      0 |
  11:10:30 |18.509 |  9.687 |     75 |      0 |
  11:10:40 |18.657 |  9.750 |     75 |      0 |
  11:10:50 |18.732 |  9.750 |     75 |      0 |
  11:11:00 |18.915 |  9.750 |     75 |      0 |
  11:11:10 |19.359 |  9.687 |     75 |      0 |
  11:11:20 |20.118 |  9.687 |     75 |      0 |
  11:11:30 |19.950 |  9.750 |     75 |      0 |
  11:11:40 |19.820 |  9.687 |     75 |      0 |
  11:11:50 |19.935 |  9.687 |     75 |      0 |
  11:12:00 |19.850 |  9.687 |     75 |      0 |
  11:12:10 |19.832 |  9.750 |     75 |      0 |
  11:12:20 |19.737 |  9.750 |     75 |      0 |
  11:12:30 |19.789 |  9.687 |     75 |      0 |
  11:12:40 |19.861 |  9.750 |     75 |      0 |
  11:12:50 |19.706 |  9.687 |     75 |      0 |
  11:13:00 |19.848 |  9.687 |     75 |      0 |
  11:13:10 |19.788 |  9.687 |     75 |      0 |
  11:13:20 |19.789 |  9.750 |     75 |      0 |
  11:13:30 |19.708 |  9.687 |     75 |      0 |
  11:13:40 |19.855 |  9.687 |     75 |      0 |
  11:13:50 |19.792 |  9.687 |     75 |      0 |
  11:14:00 |19.792 |  9.687 |     75 |      0 |
  11:14:10 |19.792 |  9.687 |     75 |      0 |
  11:14:20 |19.792 |  9.687 |     75 |      0 |
  11:14:30 |19.793 |  9.687 |     75 |      0 |
  11:14:40 |19.792 |  9.750 |     75 |      0 |
  11:14:50 |19.710 |  9.750 |     75 |      0 |
  11:15:00 |19.774 |  9.750 |     75 |      0 |
  11:15:10 |19.774 |  9.750 |     75 |      0 |
  11:15:20 |19.773 |  9.750 |     75 |      0 |
  11:15:30 |19.774 |  9.750 |     75 |      0 |
  11:15:40 |19.774 |  9.750 |     75 |      0 |
  11:15:50 |19.774 |  9.687 |     75 |      0 |
  11:16:00 |19.856 |  9.687 |     75 |      0 |
  11:16:10 |19.792 |  9.750 |     75 |      0 |
  11:16:20 |19.710 |  9.687 |     75 |      0 |
  11:16:30 |19.856 |  9.687 |     75 |      0 |
  11:16:40 |19.792 |  9.687 |     75 |      0 |
  11:16:50 |19.792 |  9.750 |     75 |      0 |
  11:17:00 |19.710 |  9.750 |     75 |      0 |
  11:17:10 |19.773 |  9.750 |     75 |      0 |
  11:17:20 |19.773 |  9.687 |     75 |      0 |
  11:17:30 |19.855 |  9.687 |     75 |      0 |
  11:17:40 |19.792 |  9.687 |     75 |      0 |
  11:17:50 |19.792 |  9.750 |     75 |      0 |
  11:18:00 |19.710 |  9.687 |     75 |      0 |
  11:18:10 |19.855 |  9.687 |     75 |      0 |
  11:18:20 |19.792 |  9.687 |     75 |      0 |
  11:18:30 |19.792 |  9.750 |     75 |      0 |
  11:18:40 |19.710 |  9.750 |     75 |      0 |
  11:18:50 |19.773 |  9.687 |     75 |      0 |
  11:19:00 |19.855 |  9.750 |     75 |      0 |
  11:19:10 |19.710 |  9.750 |     75 |      0 |
  11:19:20 |19.774 |  9.750 |     75 |      0 |
  11:19:30 |19.774 |  9.812 |     75 |      0 |
  11:19:40 |19.693 |  9.750 |     75 |      0 |
  11:19:50 |19.836 |  9.750 |     75 |      0 |
  11:20:00 |19.774 |  9.687 |     75 |      0 |
  11:20:10 |19.856 |  9.687 |     75 |      0 |
  11:20:20 |19.792 |  9.750 |     75 |      0 |
  11:20:30 |19.710 |  9.750 |     75 |      0 |
  11:20:40 |19.773 |  9.812 |     75 |      0 |
  11:20:50 |19.693 |  9.750 |     75 |      0 |
  11:21:00 |19.836 |  9.750 |     75 |      0 |
  11:21:10 |19.773 |  9.750 |     75 |      0 |
  11:21:20 |19.773 |  9.750 |     75 |      0 |
  11:21:30 |19.773 |  9.812 |     75 |      0 |
  11:21:40 |19.692 |  9.812 |     75 |      0 |
  11:21:50 |19.755 |  9.812 |     75 |      0 |
  11:22:00 |19.755 |  9.812 |     75 |      0 |
  11:22:10 |19.755 |  9.812 |     75 |      0 |
  11:22:20 |19.755 |  9.812 |     75 |      0 |
  11:22:30 |19.755 |  9.812 |     75 |      0 |
  11:22:40 |19.754 |  9.812 |     75 |      0 |
  11:22:50 |19.755 |  9.812 |     75 |      0 |
  11:23:00 |19.755 |  9.750 |     75 |      0 |
  11:23:10 |19.836 |  9.750 |     75 |      0 |
  11:23:20 |19.773 |  9.750 |     75 |      0 |
  11:23:30 |19.773 |  9.812 |     75 |      0 |
  11:23:40 |19.691 |  9.812 |     75 |      0 |
  11:23:50 |19.754 |  9.750 |     75 |      0 |
  11:24:00 |19.835 |  9.750 |     75 |      0 |
  11:24:10 |19.773 |  9.812 |     75 |      0 |
  11:24:20 |19.692 |  9.750 |     75 |      0 |
  11:24:30 |19.835 |  9.750 |     75 |      0 |
  11:24:40 |19.773 |  9.812 |     75 |      0 |
  11:24:50 |19.692 |  9.812 |     75 |      0 |
  11:25:00 |19.755 |  9.812 |     75 |      0 |
  11:25:10 |19.755 |  9.812 |     75 |      0 |
  11:25:20 |19.755 |  9.812 |     75 |      0 |
  11:25:30 |19.754 |  9.812 |     75 |      0 |
  11:25:40 |19.754 |  9.750 |     75 |      0 |
  11:25:50 |19.836 |  9.812 |     75 |      0 |
  11:26:00 |19.692 |  9.812 |     75 |      0 |
  11:26:10 |19.754 |  9.812 |     75 |      0 |
  11:26:20 |19.755 |  9.812 |     75 |      0 |
  11:26:30 |19.755 |  9.812 |     75 |      0 |
  11:26:40 |19.754 |  9.812 |     75 |      0 |
  11:26:50 |19.754 |  9.812 |     75 |      0 |
  11:27:00 |19.754 |  9.812 |     75 |      0 |
  11:27:10 |19.754 |  9.812 |     75 |      0 |
  11:27:20 |19.754 |  9.875 |     75 |      0 |
  11:27:30 |19.672 |  9.812 |     75 |      0 |
  11:27:40 |19.818 |  9.812 |     75 |      0 |
           |       | T boil | T boil |    jar |amt coll |
      Time |   PWM |    (C) | tgt(C) |      # |   (ml) |
---------------------------------------------------------
  11:28:06 |    35 |  9.812 |     75 |      0 |
  11:28:16 |46.917 |  9.875 |     75 |      0 |
  11:28:25 |69.752 |  9.875 |     75 |      0 |
  11:28:34 |94.338 |  9.875 |     75 |      0 |
  11:28:43 |    99 |  9.875 |     75 |      0 |
  11:28:52 |    99 |  9.812 |     75 |      0 |
  11:29:01 |    99 |  9.875 |     75 |      0 |
  11:29:10 |    99 |  9.875 |     75 |      0 |
  11:29:19 |    99 |  9.812 |     75 |      0 |
  11:29:29 |    99 |  9.812 |     75 |      0 |
  11:29:38 |    99 |  9.812 |     75 |      0 |
  11:29:48 |    99 |  9.875 |     75 |      0 |
  11:29:58 |    99 |  9.812 |     75 |      0 |
  11:30:08 |    99 |  9.875 |     75 |      0 |
  11:30:20 |    99 |  9.812 |     65 |      0 |
  11:30:30 |    99 |  9.875 |     65 |      0 |
           |       | T boil | T boil |    jar |amt coll |
      Time |   PWM |    (C) | tgt(C) |      # |   (ml) |
---------------------------------------------------------
  11:30:39 |    35 |  9.875 |     75 |      0 |
  11:30:48 |46.833 |  9.875 |      8 |      0 |
  11:30:57 |46.174 |  9.875 |      8 |      0 |
  11:31:06 |45.518 |  9.875 |      8 |      0 |
  11:31:15 |44.867 |  9.812 |      8 |      0 |
  11:31:24 |44.308 |  9.875 |      8 |      0 |
  11:31:33 |43.610 |  9.875 |      8 |      0 |
  11:31:43 |42.988 |  9.875 |      8 |      0 |
  11:31:52 |42.381 |  9.875 |     65 |      0 |
  11:32:01 |59.672 |  9.875 |     65 |      0 |
  11:32:10 |85.523 |  9.875 |     65 |      0 |
  11:32:19 |    99 |  9.812 |     65 |      0 |
  11:32:28 |    99 |  9.875 |      8 |      0 |
  11:32:37 |98.015 |  9.812 |      8 |      0 |
           |     |  T amb | T boil | T sthd | T cool | T cool | T sthd | jar | amt coll |
      Time | PWM |    (C) |    (C) |    (C) | in (C) | out(C) | tgt(C) |   # |     (ml) |
-----------------------------------------------------------------------------------------
  12:22:04 |  40 | 21.312 | 10.625 | 14.562 | 11.562 | 13.250 |   76.5 |   0 |
  12:22:17 |25.834 | 21.312 | 10.687 | 14.625 | 11.750 | 13.250 |   76.5 |   0 |
  12:22:30 |20.785 | 21.250 | 10.687 | 14.625 | 11.687 | 13.312 |   76.5 |   0 |
  12:22:43 |16.007 | 21.375 | 10.750 | 14.625 | 11.687 | 13.312 |   76.5 |   0 |
  12:22:56 |11.065 | 21.312 | 10.750 | 14.687 | 11.687 | 13.312 |   76.5 |   0 |
           |       |  T amb | T boil | T sthd | T cool | T cool | T sthd | jar | amt coll |
      Time |   PWM |    (C) |    (C) |    (C) | in (C) | out(C) | tgt(C) |   # |     (ml) |
-----------------------------------------------------------------------------------------
  12:23:37 |    40 | 21.250 | 10.687 | 14.687 | 11.625 | 13.312 |   76.5 |   0 |
  12:23:51 |25.751 | 21.375 | 10.750 | 14.687 | 11.687 | 13.312 |   76.5 |   0 |
  12:24:04 |20.672 | 21.375 | 10.750 | 14.750 | 11.687 | 13.375 |   76.5 |   0 |
  12:24:17 |15.866 | 21.375 | 10.750 | 14.750 | 11.750 | 13.312 |   76.5 |   0 |
  12:24:30 |10.987 | 21.500 | 10.687 | 14.687 | 11.750 | 13.375 |   76.5 |   0 |
  12:24:43 | 6.036 | 21.375 | 10.687 | 14.750 | 11.750 | 13.375 |   76.5 |   0 |
  12:24:56 |     1 | 21.500 | 10.750 | 14.750 | 11.750 | 13.375 |   76.5 |   0 |
  12:25:09 |     1 | 21.437 | 10.750 | 14.750 | 11.687 | 13.375 |   76.5 |   0 |
  12:25:22 |     1 | 21.375 | 10.750 | 14.750 | 11.750 | 13.437 |   76.5 |   0 |
  12:25:35 |     1 | 21.500 | 10.750 | 14.750 | 11.750 | 13.437 |   76.5 |   0 |
  12:25:48 |     1 | 21.500 | 10.812 | 14.812 | 11.750 | 13.437 |   76.5 |   0 |
  12:26:01 |     1 | 21.562 | 10.812 | 14.812 | 11.687 | 13.437 |   76.5 |   0 |
  12:26:14 |     1 | 21.625 | 10.812 | 14.812 | 11.750 | 13.437 |   76.5 |   0 |
  12:26:27 |     1 | 21.562 | 10.812 | 14.750 | 11.750 | 13.437 |   76.5 |   0 |
  12:26:40 |     1 | 21.437 | 10.812 | 14.812 | 11.750 | 13.437 |   76.5 |   0 |
  12:26:53 |     1 | 21.437 | 10.812 | 14.812 | 11.750 | 13.500 |   76.5 |   0 |
